
e;143767;'a';1;2474
e;2931520;'Pro:Pers:COD';4;0
e;171869;'Adj:';4;50
e;3093590;'VerbalMode:Indicatif';4;0
e;14270944;'VerbalPers:P3';4;0
e;14270945;'VerbalNumber:SG';4;0
e;146885;'Nom:Mas+SG';4;50
e;171870;'Nom:';4;50
e;146887;'Nom:Mas+PL';4;50
e;2946892;'Ver:Conjug';4;0
e;147826;'Pro:';4;50
e;212235;'Ver:';4;50
e;2586627;'Gender:Mas';4;0
e;2586637;'Number:Inv';4;0
e;2586630;'Number:Plur';4;0
e;2586629;'Number:Sing';4;0
e;2935005;'VerbalTime:Present';4;0
e;2356740;'Pro:Pers';4;0
e;150118;'Ver:IPre+SG+P3';4;50
e;146886;'Nom:Mas+InvPL';4;50
e;12032262;'Unit:';4;50
r;374235799;143767;2931520;4;-25
r;390517066;143767;171869;4;-25
r;361911288;143767;3093590;4;25
r;362922032;143767;14270944;4;25
r;362921747;143767;14270945;4;25
r;15819851;143767;146885;4;26
r;2156338;143767;171870;4;35
r;15818049;143767;146887;4;35
r;72420086;143767;2946892;4;35
r;374235732;143767;147826;4;37
r;1467845;143767;212235;4;38
r;54083808;143767;2586627;4;45
r;54085672;143767;2586637;4;45
r;54110247;143767;2586630;4;45
r;54193691;143767;2586629;4;45
r;72090939;143767;2935005;4;45
r;52613158;143767;2356740;4;47
r;342284;143767;150118;4;51
r;8119;143767;146886;4;58
r;313333046;143767;12032262;4;79