
e;26673;'accueillant';1;146
e;254878;'_POL-NEG_PC';36;50
e;254877;'_POL-NEUTRE_PC';36;50
e;248198;'_SEX_NO';36;50
e;223172;'_POL-NEG';36;50
e;438949;'_INFO-POLYMORPHIC';36;50
e;251716;'_INFO-MONOSEMIC';36;50
e;273221;'_INFO-WIKI-NO';36;50
e;2585996;'_INFO-CNRTL-YES';36;50
e;241794;'_POL-NEUTRE';36;50
e;254876;'_POL-POS_PC';36;50
e;223173;'_POL-POS';36;50
r;27763055;26673;254878;36;4
r;9267556;26673;254877;36;12
r;9371525;26673;248198;36;16
r;27539944;26673;223172;36;21
r;427401334;26673;438949;36;25
r;95974974;26673;251716;36;32
r;88873110;26673;273221;36;35
r;54786528;26673;2585996;36;60
r;9204410;26673;241794;36;64
r;2407164;26673;254876;36;84
r;2031790;26673;223173;36;431