
e;58561;'affaires';1;252
e;14270943;'VerbalPers:P2';4;0
e;14270945;'VerbalNumber:SG';4;0
e;2586628;'Gender:Fem';4;0
e;2586630;'Number:Plur';4;0
e;2935005;'VerbalTime:Present';4;0
e;2946892;'Ver:Conjug';4;0
e;161710;'Ver:IPre+SG+P2:SPre+SG+P2';4;50
e;3093590;'VerbalMode:Indicatif';4;0
e;3093591;'VerbalMode:Subjonctif';4;0
e;161717;'Ver:IPre+SG+P2';4;50
e;161718;'Ver:SPre+SG+P2';4;50
e;212235;'Ver:';4;50
e;146893;'Nom:Fem+PL';4;50
e;171870;'Nom:';4;50
r;362812136;58561;14270943;4;25
r;362811372;58561;14270945;4;25
r;53987320;58561;2586628;4;45
r;54003412;58561;2586630;4;45
r;72090968;58561;2935005;4;45
r;72420115;58561;2946892;4;45
r;75685923;58561;161710;4;45
r;75685924;58561;3093590;4;45
r;75685925;58561;3093591;4;45
r;342536;58561;161717;4;54
r;342537;58561;161718;4;55
r;12083974;58561;212235;4;55
r;9094;58561;146893;4;60
r;1387541;58561;171870;4;88