
e;17666;'agréable';1;758
e;146888;'Adj:Mas+SG';4;50
e;146894;'Adj:Fem+SG';4;50
e;2586634;'Gender:Inv';4;0
e;2586627;'Gender:Mas';4;0
e;2586628;'Gender:Fem';4;0
e;2586629;'Number:Sing';4;0
e;146883;'Adj:InvGen+SG';4;50
e;146885;'Nom:Mas+SG';4;50
e;171870;'Nom:';4;50
e;171869;'Adj:';4;50
r;16087838;17666;146888;4;32
r;16082419;17666;146894;4;38
r;53936999;17666;2586634;4;45
r;53971550;17666;2586627;4;47
r;53924742;17666;2586628;4;48
r;53942435;17666;2586629;4;49
r;9360;17666;146883;4;56
r;9361;17666;146885;4;56
r;1945402;17666;171870;4;65
r;1387687;17666;171869;4;69