
e;17666;'agréable';1;758
e;251716;'_INFO-MONOSEMIC';36;50
e;254878;'_POL-NEG_PC';36;50
e;254877;'_POL-NEUTRE_PC';36;50
e;223172;'_POL-NEG';36;50
e;217817;'_INFO-POLYSEMIC';36;50
e;15991431;'_ANIME-YES';36;50
e;248197;'_SEX_YES';36;50
e;276096;'_INFO-WIKI-YES';36;50
e;162761;'_INFO-SEM-PERS';36;732
e;191669;'_INFO-SEM-LIVING-BEING';36;160
e;438949;'_INFO-POLYMORPHIC';36;50
e;191741;'_INFO-VOC-COMMON';36;50
e;2585996;'_INFO-CNRTL-YES';36;50
e;163274;'_INFO-SEM-THING-ABSTR';36;578
e;241794;'_POL-NEUTRE';36;50
e;163012;'_INFO-NO-MORE-QUESTION';36;6094
e;254876;'_POL-POS_PC';36;50
e;223173;'_POL-POS';36;50
r;310674825;17666;251716;36;-24
r;27044279;17666;254878;36;2
r;9248664;17666;254877;36;5
r;26656808;17666;223172;36;23
r;292052922;17666;217817;36;25
r;417384342;17666;15991431;36;25
r;2190010;17666;248197;36;30
r;348669493;17666;276096;36;32
r;59815248;17666;162761;36;40
r;60001804;17666;191669;36;40
r;19263408;17666;438949;36;42
r;737423;17666;191741;36;48
r;53840871;17666;2585996;36;55
r;433026;17666;163274;36;59
r;9203379;17666;241794;36;59
r;433430;17666;163012;36;60
r;2322446;17666;254876;36;94
r;1906568;17666;223173;36;1207