
e;135587;'aimable';1;448
e;254878;'_POL-NEG_PC';36;50
e;254877;'_POL-NEUTRE_PC';36;50
e;317322;'_POLIT_1ECO';36;50
e;317329;'_POLIT_7NOPOL';36;50
e;248198;'_SEX_NO';36;50
e;217817;'_INFO-POLYSEMIC';36;50
e;276096;'_INFO-WIKI-YES';36;50
e;223172;'_POL-NEG';36;50
e;251717;'_INFO-MEANING-LITERAL';36;50
e;191741;'_INFO-VOC-COMMON';36;50
e;2585996;'_INFO-CNRTL-YES';36;50
e;163012;'_INFO-NO-MORE-QUESTION';36;6094
e;241794;'_POL-NEUTRE';36;50
e;254876;'_POL-POS_PC';36;50
e;223173;'_POL-POS';36;50
r;26828072;135587;254878;36;5
r;9238009;135587;254877;36;9
r;8919165;135587;317322;36;16
r;8929281;135587;317329;36;17
r;2188712;135587;248198;36;19
r;390066300;135587;217817;36;25
r;106690553;135587;276096;36;28
r;26593641;135587;223172;36;38
r;61240889;135587;251717;36;40
r;737441;135587;191741;36;44
r;106690536;135587;2585996;36;54
r;430549;135587;163012;36;58
r;9216926;135587;241794;36;66
r;2325934;135587;254876;36;86
r;1992705;135587;223173;36;650