
e;65002;'ainsi';1;90
e;251716;'_INFO-MONOSEMIC';36;50
e;217817;'_INFO-POLYSEMIC';36;50
e;276096;'_INFO-WIKI-YES';36;50
e;438949;'_INFO-POLYMORPHIC';36;50
e;191741;'_INFO-VOC-COMMON';36;50
e;254877;'_POL-NEUTRE_PC';36;50
e;2585996;'_INFO-CNRTL-YES';36;50
e;254876;'_POL-POS_PC';36;50
e;241794;'_POL-NEUTRE';36;50
e;223173;'_POL-POS';36;50
r;310763506;65002;251716;36;-15
r;372582378;65002;217817;36;25
r;364227358;65002;276096;36;31
r;18578379;65002;438949;36;41
r;737444;65002;191741;36;47
r;6036361;65002;254877;36;47
r;54625323;65002;2585996;36;52
r;9154267;65002;254876;36;53
r;3231796;65002;241794;36;321
r;9138920;65002;223173;36;363