
e;124184;'alors';1;92
e;254878;'_POL-NEG_PC';36;50
e;276096;'_INFO-WIKI-YES';36;50
e;254877;'_POL-NEUTRE_PC';36;50
e;217817;'_INFO-POLYSEMIC';36;50
e;191741;'_INFO-VOC-COMMON';36;50
e;2355199;'_OCC-IGNORE';36;0
e;2585996;'_INFO-CNRTL-YES';36;50
e;223172;'_POL-NEG';36;50
e;254876;'_POL-POS_PC';36;50
e;223173;'_POL-POS';36;50
e;241794;'_POL-NEUTRE';36;50
r;365430834;124184;254878;36;1
r;432968966;124184;276096;36;25
r;9239505;124184;254877;36;27
r;34241234;124184;217817;36;40
r;737467;124184;191741;36;47
r;46458666;124184;2355199;36;47
r;54883662;124184;2585996;36;51
r;103250824;124184;223172;36;62
r;9239504;124184;254876;36;72
r;9128564;124184;223173;36;176
r;9147821;124184;241794;36;439