
e;140667;'ampoule';1;664
e;14270798;'VerbalMode:Impératif';4;0
e;14270847;'Ver:ImPre+SG+P2';4;0
e;14270944;'VerbalPers:P3';4;0
e;14270943;'VerbalPers:P2';4;0
e;14270942;'VerbalPers:P1';4;0
e;14270945;'VerbalNumber:SG';4;0
e;150120;'Ver:SPre+SG+P3';4;50
e;150119;'Ver:SPre+SG+P1';4;50
e;150118;'Ver:IPre+SG+P3';4;50
e;150117;'Ver:IPre+SG+P1';4;50
e;3093591;'VerbalMode:Subjonctif';4;0
e;3093590;'VerbalMode:Indicatif';4;0
e;2586628;'Gender:Fem';4;0
e;2586629;'Number:Sing';4;0
e;2935005;'VerbalTime:Present';4;0
e;2946892;'Ver:Conjug';4;0
e;212235;'Ver:';4;50
e;161698;'Ver:IPre+SG+P1:IPre+SG+P3:SPre+SG+P1:SPre+SG+P3:ImPre+SG+P2';4;50
e;146881;'Nom:Fem+SG';4;50
e;171870;'Nom:';4;50
r;361881336;140667;14270798;4;25
r;363204377;140667;14270847;4;25
r;363025439;140667;14270944;4;25
r;363016427;140667;14270943;4;25
r;363007500;140667;14270942;4;25
r;362998635;140667;14270945;4;25
r;362989651;140667;150120;4;25
r;362980529;140667;150119;4;25
r;362971531;140667;150118;4;25
r;362962623;140667;150117;4;25
r;78301743;140667;3093591;4;31
r;78301742;140667;3093590;4;35
r;54021557;140667;2586628;4;45
r;54051734;140667;2586629;4;45
r;72091023;140667;2935005;4;45
r;72420171;140667;2946892;4;45
r;12084677;140667;212235;4;51
r;342859;140667;161698;4;55
r;10274;140667;146881;4;59
r;1388275;140667;171870;4;92