
e;79993;'anglais';1;1306
e;14270943;'VerbalPers:P2';4;0
e;14270942;'VerbalPers:P1';4;0
e;14270945;'VerbalNumber:SG';4;0
e;14271094;'VerbalTime:Imparfait';4;0
e;14270843;'Ver:IImp+SG+P1';4;0
e;14270844;'Ver:IImp+SG+P2';4;0
e;2586628;'Gender:Fem';4;0
e;147151;'Adj:Mas+PL';4;50
e;146887;'Nom:Mas+PL';4;50
e;146888;'Adj:Mas+SG';4;50
e;2586637;'Number:Inv';4;0
e;2935006;'VerbalTime:Past';4;0
e;2946892;'Ver:Conjug';4;0
e;3093590;'VerbalMode:Indicatif';4;0
e;2586630;'Number:Plur';4;0
e;161722;'Ver:IImp+SG+P1:IImp+SG+P2';4;50
e;146886;'Nom:Mas+InvPL';4;50
e;2586627;'Gender:Mas';4;0
e;212235;'Ver:';4;50
e;2586629;'Number:Sing';4;0
e;146885;'Nom:Mas+SG';4;50
e;146892;'Adj:Mas+InvPL';4;50
e;171870;'Nom:';4;50
e;171869;'Adj:';4;50
r;363349232;79993;14270943;4;25
r;363341013;79993;14270942;4;25
r;363332794;79993;14270945;4;25
r;363324572;79993;14271094;4;25
r;363746394;79993;14270843;4;25
r;363754619;79993;14270844;4;25
r;417839481;79993;2586628;4;25
r;119737154;79993;147151;4;26
r;15818108;79993;146887;4;31
r;105147880;79993;146888;4;35
r;54085732;79993;2586637;4;45
r;72116204;79993;2935006;4;45
r;72420178;79993;2946892;4;45
r;75958014;79993;3093590;4;45
r;54110303;79993;2586630;4;50
r;342886;79993;161722;4;51
r;10511;79993;146886;4;53
r;54083870;79993;2586627;4;53
r;12084750;79993;212235;4;54
r;54170117;79993;2586629;4;54
r;10512;79993;146885;4;55
r;10510;79993;146892;4;57
r;1945459;79993;171870;4;81
r;2218453;79993;171869;4;97