
e;17025;'animé';1;156
e;254878;'_POL-NEG_PC';36;50
e;317329;'_POLIT_7NOPOL';36;50
e;248198;'_SEX_NO';36;50
e;254877;'_POL-NEUTRE_PC';36;50
e;276096;'_INFO-WIKI-YES';36;50
e;15991432;'_ANIME-NO';36;50
e;223172;'_POL-NEG';36;50
e;217817;'_INFO-POLYSEMIC';36;50
e;323621;'_INFO-SEM-EMOTION-RELATED';36;50
e;191741;'_INFO-VOC-COMMON';36;50
e;438949;'_INFO-POLYMORPHIC';36;50
e;2585996;'_INFO-CNRTL-YES';36;50
e;254876;'_POL-POS_PC';36;50
e;241794;'_POL-NEUTRE';36;50
e;223173;'_POL-POS';36;50
r;26979076;17025;254878;36;7
r;97349343;17025;317329;36;10
r;2194751;17025;248198;36;17
r;2324524;17025;254877;36;18
r;433499583;17025;276096;36;25
r;417840984;17025;15991432;36;25
r;26491779;17025;223172;36;38
r;2497073;17025;217817;36;40
r;9267032;17025;323621;36;42
r;737500;17025;191741;36;43
r;24973423;17025;438949;36;46
r;55242310;17025;2585996;36;52
r;2324523;17025;254876;36;75
r;2016726;17025;241794;36;92
r;1998427;17025;223173;36;395