
e;17025;'animé';1;156
e;171870;'Nom:';4;50
e;161702;'Ver:PPas';4;50
e;2586627;'Gender:Mas';4;0
e;2586629;'Number:Sing';4;0
e;146885;'Nom:Mas+SG';4;50
e;161699;'Ver:PPas+Mas+SG';4;50
e;212235;'Ver:';4;50
e;146888;'Adj:Mas+SG';4;50
e;171869;'Adj:';4;50
r;2372750;17025;171870;4;35
r;2247469;17025;161702;4;44
r;53964763;17025;2586627;4;45
r;53979228;17025;2586629;4;45
r;32560987;17025;146885;4;54
r;342918;17025;161699;4;55
r;12084776;17025;212235;4;57
r;10586;17025;146888;4;63
r;1388463;17025;171869;4;69