
e;86773;'annuel';1;160
e;254878;'_POL-NEG_PC';36;50
e;317329;'_POLIT_7NOPOL';36;50
e;217817;'_INFO-POLYSEMIC';36;50
e;276096;'_INFO-WIKI-YES';36;50
e;191741;'_INFO-VOC-COMMON';36;50
e;254877;'_POL-NEUTRE_PC';36;50
e;254876;'_POL-POS_PC';36;50
e;223172;'_POL-NEG';36;50
e;438949;'_INFO-POLYMORPHIC';36;50
e;2585996;'_INFO-CNRTL-YES';36;50
e;241794;'_POL-NEUTRE';36;50
e;223173;'_POL-POS';36;50
r;26933614;86773;254878;36;7
r;8928015;86773;317329;36;16
r;2245372;86773;217817;36;40
r;30448365;86773;276096;36;40
r;737507;86773;191741;36;41
r;9281882;86773;254877;36;46
r;9281881;86773;254876;36;47
r;26401391;86773;223172;36;47
r;18743363;86773;438949;36;50
r;55015718;86773;2585996;36;56
r;9211271;86773;241794;36;297
r;9189277;86773;223173;36;307