
e;118390;'anti';1;88
e;317329;'_POLIT_7NOPOL';36;50
e;317323;'_POLIT_2PG';36;50
e;254877;'_POL-NEUTRE_PC';36;50
e;317327;'_POLIT_6FN';36;50
e;162762;'_INFO-SEM-ORGA';36;122
e;15991431;'_ANIME-YES';36;50
e;251716;'_INFO-MONOSEMIC';36;50
e;276096;'_INFO-WIKI-YES';36;50
e;254876;'_POL-POS_PC';36;50
e;162761;'_INFO-SEM-PERS';36;732
e;191669;'_INFO-SEM-LIVING-BEING';36;160
e;254878;'_POL-NEG_PC';36;50
e;241794;'_POL-NEUTRE';36;50
e;223173;'_POL-POS';36;50
e;223172;'_POL-NEG';36;50
e;2585997;'_INFO-CNRTL-NO';36;50
r;8930649;118390;317329;36;0
r;11936427;118390;317323;36;16
r;9335906;118390;254877;36;17
r;8916844;118390;317327;36;19
r;359992616;118390;162762;36;25
r;417379978;118390;15991431;36;25
r;96251710;118390;251716;36;27
r;382960803;118390;276096;36;35
r;9303914;118390;254876;36;40
r;56392544;118390;162761;36;40
r;56468104;118390;191669;36;40
r;27418193;118390;254878;36;43
r;9331766;118390;241794;36;102
r;9300261;118390;223173;36;241
r;22123716;118390;223172;36;254
r;55033740;118390;2585997;36;300