
e;109667;'arrivée';1;304
e;161702;'Ver:PPas';4;50
e;2586628;'Gender:Fem';4;0
e;2586629;'Number:Sing';4;0
e;146881;'Nom:Fem+SG';4;50
e;212235;'Ver:';4;50
e;161700;'Ver:PPas+Fem+SG';4;50
e;146894;'Adj:Fem+SG';4;50
e;171870;'Nom:';4;50
e;171869;'Adj:';4;50
r;2246716;109667;161702;4;35
r;53920486;109667;2586628;4;46
r;54052061;109667;2586629;4;46
r;11737;109667;146881;4;52
r;12085269;109667;212235;4;55
r;343111;109667;161700;4;60
r;343110;109667;146894;4;62
r;612959;109667;171870;4;67
r;1951712;109667;171869;4;73