
e;398664;'assurée';1;58
e;161702;'Ver:PPas';4;50
e;2586628;'Gender:Fem';4;0
e;2586629;'Number:Sing';4;0
e;161700;'Ver:PPas+Fem+SG';4;50
e;212235;'Ver:';4;50
e;146894;'Adj:Fem+SG';4;50
e;146881;'Nom:Fem+SG';4;50
e;171869;'Adj:';4;50
e;171870;'Nom:';4;50
r;14364787;398664;161702;4;43
r;53922993;398664;2586628;4;46
r;54073541;398664;2586629;4;46
r;14345583;398664;161700;4;56
r;14345584;398664;212235;4;58
r;14345578;398664;146894;4;64
r;14345580;398664;146881;4;66
r;14345579;398664;171869;4;69
r;14345581;398664;171870;4;79