
e;398664;'assurée';1;58
e;254877;'_POL-NEUTRE_PC';36;50
e;254878;'_POL-NEG_PC';36;50
e;15991431;'_ANIME-YES';36;50
e;162761;'_INFO-SEM-PERS';36;732
e;250117;'_INFO-SEM-PERS-FEM';36;50
e;251716;'_INFO-MONOSEMIC';36;50
e;191669;'_INFO-SEM-LIVING-BEING';36;160
e;241794;'_POL-NEUTRE';36;50
e;438949;'_INFO-POLYMORPHIC';36;50
e;254876;'_POL-POS_PC';36;50
e;223172;'_POL-NEG';36;50
e;223173;'_POL-POS';36;50
r;27337455;398664;254877;36;16
r;27337456;398664;254878;36;24
r;417304940;398664;15991431;36;25
r;82425511;398664;162761;36;30
r;82485592;398664;250117;36;30
r;96153037;398664;251716;36;31
r;82426903;398664;191669;36;34
r;26430795;398664;241794;36;42
r;16021927;398664;438949;36;52
r;27337454;398664;254876;36;60
r;26355135;398664;223172;36;61
r;24500159;398664;223173;36;152