
e;3973;'assurer';1;210
e;254878;'_POL-NEG_PC';36;50
e;254877;'_POL-NEUTRE_PC';36;50
e;273221;'_INFO-WIKI-NO';36;50
e;223172;'_POL-NEG';36;50
e;214534;'_INFO-MEANING-FIGURED';36;50
e;217817;'_INFO-POLYSEMIC';36;50
e;2585996;'_INFO-CNRTL-YES';36;50
e;191741;'_INFO-VOC-COMMON';36;50
e;241794;'_POL-NEUTRE';36;50
e;254876;'_POL-POS_PC';36;50
e;223173;'_POL-POS';36;50
r;26971499;3973;254878;36;8
r;9237428;3973;254877;36;14
r;75206868;3973;273221;36;40
r;26491868;3973;223172;36;40
r;52623000;3973;214534;36;40
r;1849243;3973;217817;36;45
r;54776208;3973;2585996;36;51
r;737595;3973;191741;36;53
r;9201721;3973;241794;36;70
r;2326238;3973;254876;36;78
r;2029800;3973;223173;36;400