
e;129973;'attentif';1;228
e;254877;'_POL-NEUTRE_PC';36;50
e;254878;'_POL-NEG_PC';36;50
e;217817;'_INFO-POLYSEMIC';36;50
e;276096;'_INFO-WIKI-YES';36;50
e;241794;'_POL-NEUTRE';36;50
e;323621;'_INFO-SEM-EMOTION-RELATED';36;50
e;191741;'_INFO-VOC-COMMON';36;50
e;2585996;'_INFO-CNRTL-YES';36;50
e;223172;'_POL-NEG';36;50
e;254876;'_POL-POS_PC';36;50
e;223173;'_POL-POS';36;50
r;26770415;129973;254877;36;6
r;2569900;129973;254878;36;10
r;390092302;129973;217817;36;25
r;85742721;129973;276096;36;31
r;26408474;129973;241794;36;37
r;9266803;129973;323621;36;42
r;737608;129973;191741;36;46
r;54773867;129973;2585996;36;58
r;2568554;129973;223172;36;63
r;2348965;129973;254876;36;84
r;2006050;129973;223173;36;513