
e;138621;'au';1;72
e;146889;'Adv:';4;50
e;146885;'Nom:Mas+SG';4;50
e;171870;'Nom:';4;50
e;2586627;'Gender:Mas';4;0
e;2586629;'Number:Sing';4;0
e;146901;'Det:Mas+SG';4;50
e;147628;'Det:';4;50
e;146911;'Pre:';4;50
e;14510621;'Pre:Det:';4;0
r;417972548;138621;146889;4;-35
r;427746549;138621;146885;4;25
r;52073274;138621;171870;4;35
r;71818586;138621;2586627;4;45
r;71818599;138621;2586629;4;45
r;12314;138621;146901;4;68
r;12085657;138621;147628;4;92
r;327619380;138621;146911;4;108
r;368471017;138621;14510621;4;227