
e;100646;'aucun';1;136
e;2586628;'Gender:Fem';4;0
e;146885;'Nom:Mas+SG';4;50
e;2356744;'Pro:Indef';4;0
e;2586627;'Gender:Mas';4;0
e;2368355;'Adj:Indef';4;0
e;2586629;'Number:Sing';4;0
e;146901;'Det:Mas+SG';4;50
e;147628;'Det:';4;50
e;171870;'Nom:';4;50
e;146888;'Adj:Mas+SG';4;50
e;146903;'Pro:Mas+SG';4;50
e;147826;'Pro:';4;50
e;171869;'Adj:';4;50
r;417973683;100646;2586628;4;25
r;427749912;100646;146885;4;25
r;48898827;100646;2356744;4;38
r;53964983;100646;2586627;4;45
r;72775656;100646;2368355;4;45
r;53979448;100646;2586629;4;46
r;12336;100646;146901;4;55
r;12085662;100646;147628;4;55
r;1389761;100646;171870;4;57
r;12335;100646;146888;4;60
r;12337;100646;146903;4;60
r;12085663;100646;147826;4;65
r;620894;100646;171869;4;66