
e;127553;'aussi';1;94
e;254878;'_POL-NEG_PC';36;50
e;276096;'_INFO-WIKI-YES';36;50
e;217817;'_INFO-POLYSEMIC';36;50
e;254876;'_POL-POS_PC';36;50
e;191741;'_INFO-VOC-COMMON';36;50
e;254877;'_POL-NEUTRE_PC';36;50
e;2585996;'_INFO-CNRTL-YES';36;50
e;223172;'_POL-NEG';36;50
e;223173;'_POL-POS';36;50
e;241794;'_POL-NEUTRE';36;50
r;2571489;127553;254878;36;9
r;218034441;127553;276096;36;27
r;71823851;127553;217817;36;35
r;9332740;127553;254876;36;42
r;737635;127553;191741;36;46
r;9332741;127553;254877;36;49
r;54712114;127553;2585996;36;60
r;2568682;127553;223172;36;65
r;9148067;127553;223173;36;304
r;9150953;127553;241794;36;354