
e;252578;'autres';1;38
e;149404;'Adj:Fem+PL';4;50
e;147151;'Adj:Mas+PL';4;50
e;2586634;'Gender:Inv';4;0
e;171870;'Nom:';4;50
e;2586628;'Gender:Fem';4;0
e;2586627;'Gender:Mas';4;0
e;2586630;'Number:Plur';4;0
e;146909;'Adj:InvGen+PL';4;50
e;146906;'Det:InvGen+PL';4;50
e;147628;'Det:';4;50
e;171869;'Adj:';4;50
r;16079469;252578;149404;4;35
r;16080373;252578;147151;4;37
r;53933890;252578;2586634;4;45
r;4290518;252578;171870;4;46
r;53900586;252578;2586628;4;46
r;53948920;252578;2586627;4;46
r;53911106;252578;2586630;4;47
r;12085748;252578;146909;4;51
r;12085750;252578;146906;4;52
r;12085751;252578;147628;4;56
r;12085749;252578;171869;4;73