
e;153463;'avions';1;100
e;14270798;'VerbalMode:Impératif';4;0
e;14271094;'VerbalTime:Imparfait';4;0
e;14270845;'Ver:ImPre+PL+P1';4;0
e;14270942;'VerbalPers:P1';4;0
e;14270946;'VerbalNumber:PL';4;0
e;161766;'Ver:IPre+PL+P1';4;50
e;3093590;'VerbalMode:Indicatif';4;0
e;2935006;'VerbalTime:Past';4;0
e;2935005;'VerbalTime:Present';4;0
e;212235;'Ver:';4;50
e;161726;'Ver:IImp+PL+P1';4;50
e;161721;'Ver:IPre+PL+P1:ImPre+PL+P1';4;50
e;2586627;'Gender:Mas';4;0
e;2586630;'Number:Plur';4;0
e;2946892;'Ver:Conjug';4;0
e;146887;'Nom:Mas+PL';4;50
e;171870;'Nom:';4;50
r;363684002;153463;14270798;4;25
r;363447459;153463;14271094;4;25
r;363223850;153463;14270845;4;25
r;363110415;153463;14270942;4;25
r;363102603;153463;14270946;4;25
r;363094790;153463;161766;4;25
r;75378649;153463;3093590;4;36
r;72116206;153463;2935006;4;45
r;75378648;153463;2935005;4;45
r;12085834;153463;212235;4;51
r;343362;153463;161726;4;57
r;75378647;153463;161721;4;64
r;54087620;153463;2586627;4;65
r;54107749;153463;2586630;4;65
r;72420261;153463;2946892;4;105
r;214674;153463;146887;4;114
r;2271254;153463;171870;4;131