
e;31641;'avoir';1;1041
e;254876;'_POL-POS_PC';36;50
e;254878;'_POL-NEG_PC';36;50
e;317329;'_POLIT_7NOPOL';36;50
e;276096;'_INFO-WIKI-YES';36;50
e;15991432;'_ANIME-NO';36;50
e;248197;'_SEX_YES';36;50
e;438949;'_INFO-POLYMORPHIC';36;50
e;217817;'_INFO-POLYSEMIC';36;50
e;248198;'_SEX_NO';36;50
e;191741;'_INFO-VOC-COMMON';36;50
e;163274;'_INFO-SEM-THING-ABSTR';36;578
e;2355199;'_OCC-IGNORE';36;0
e;2585996;'_INFO-CNRTL-YES';36;50
e;254877;'_POL-NEUTRE_PC';36;50
e;223173;'_POL-POS';36;50
e;223172;'_POL-NEG';36;50
e;241794;'_POL-NEUTRE';36;50
r;2328789;31641;254876;36;3
r;2328791;31641;254878;36;3
r;8926103;31641;317329;36;19
r;429636179;31641;276096;36;25
r;417969711;31641;15991432;36;25
r;2195954;31641;248197;36;29
r;15876526;31641;438949;36;37
r;1603225;31641;217817;36;38
r;2191108;31641;248198;36;40
r;737675;31641;191741;36;52
r;410361;31641;163274;36;54
r;46458677;31641;2355199;36;54
r;54616584;31641;2585996;36;57
r;2328790;31641;254877;36;95
r;2004021;31641;223173;36;101
r;2009427;31641;223172;36;110
r;2007110;31641;241794;36;3772