
e;75891;'bel';1;60
e;251716;'_INFO-MONOSEMIC';36;50
e;248198;'_SEX_NO';36;50
e;248197;'_SEX_YES';36;50
e;254877;'_POL-NEUTRE_PC';36;50
e;276096;'_INFO-WIKI-YES';36;50
e;217817;'_INFO-POLYSEMIC';36;50
e;15991432;'_ANIME-NO';36;50
e;438949;'_INFO-POLYMORPHIC';36;50
e;254876;'_POL-POS_PC';36;50
e;241794;'_POL-NEUTRE';36;50
e;223173;'_POL-POS';36;50
r;417638758;75891;251716;36;-25
r;307623866;75891;248198;36;2
r;9370656;75891;248197;36;17
r;9254458;75891;254877;36;21
r;433096547;75891;276096;36;25
r;417638718;75891;217817;36;25
r;417638723;75891;15991432;36;25
r;18702849;75891;438949;36;51
r;2323246;75891;254876;36;79
r;9210030;75891;241794;36;106
r;2029342;75891;223173;36;409