
e;114738;'belle';1;1124
e;254877;'_POL-NEUTRE_PC';36;50
e;317329;'_POLIT_7NOPOL';36;50
e;248197;'_SEX_YES';36;50
e;248198;'_SEX_NO';36;50
e;276096;'_INFO-WIKI-YES';36;50
e;15991431;'_ANIME-YES';36;50
e;162761;'_INFO-SEM-PERS';36;732
e;15991432;'_ANIME-NO';36;50
e;191669;'_INFO-SEM-LIVING-BEING';36;160
e;217817;'_INFO-POLYSEMIC';36;50
e;191741;'_INFO-VOC-COMMON';36;50
e;191671;'_INFO-SEM-CARAC';36;144
e;438949;'_INFO-POLYMORPHIC';36;50
e;2585997;'_INFO-CNRTL-NO';36;50
e;163012;'_INFO-NO-MORE-QUESTION';36;6094
e;254876;'_POL-POS_PC';36;50
e;241794;'_POL-NEUTRE';36;50
e;223173;'_POL-POS';36;50
r;2325827;114738;254877;36;9
r;8922417;114738;317329;36;17
r;2195829;114738;248197;36;21
r;2211846;114738;248198;36;23
r;428540570;114738;276096;36;25
r;417638832;114738;15991431;36;25
r;417638833;114738;162761;36;25
r;417638836;114738;15991432;36;25
r;417715806;114738;191669;36;25
r;1916757;114738;217817;36;41
r;737743;114738;191741;36;44
r;1756057;114738;191671;36;47
r;25261710;114738;438949;36;49
r;54878497;114738;2585997;36;55
r;436787;114738;163012;36;57
r;2325826;114738;254876;36;91
r;2010725;114738;241794;36;104
r;1996695;114738;223173;36;1094