
e;116045;'bidet';1;132
e;339053;'bidet de poste';1;50
e;111830;'soins';1;422
e;418051;'intimes';1;50
e;143304;'intime';1;252
e;147195;'ablutions';1;106
e;120157;'règne animal';1;98
e;247057;'symétrie bilatérale';1;6
e;78560;'tub';1;50
e;65682;'bourrin';1;58
e;155683;'salle de bains';1;298
e;48795;'âne';1;878
e;8990;'patte';1;1766
e;13549;'bassine';1;266
e;17559;'animal';1;13917
e;63235;'mammifère';1;3615
e;51855;'bassinet';1;88
e;89812;'canasson';1;84
e;69786;'robinetterie';1;106
e;125918;'mule';1;152
e;143669;'vertébrés';1;80
e;127802;'mulet';1;152
e;18142;'postier';1;160
e;32981;'ablution';1;64
e;20264;'faire sa toilette';1;138
e;40184;'siège';1;1338
e;133795;'mobilier';1;490
e;134886;'plomberie';1;356
e;109733;'propreté';1;482
e;32851;'mammifères';1;144
e;83824;'équitation';1;500
e;73685;'sports';1;500
e;260539;'toilette intime';1;78
e;139194;'toilette';1;438
e;152945;'salle d'eau';1;166
e;132716;'baignoire';1;1004
e;36886;'faune';1;404
e;157328;'roulettes';1;84
e;255596;'se laver les dents';1;236
e;59340;'sanitaires';1;90
e;12605;'hygiène';1;894
e;40234;'obsolète';1;132
e;114386;'émail';1;848
e;6600;'émaillé';1;52
e;154008;'chambre d'hôtel';1;188
e;20202;'tristesse';1;2576
e;122787;'solipède';1;52
e;56865;'sport';1;5088
e;117095;'zoologie';1;1864
e;11568;'sanitaire';1;168
e;140949;'équidés';1;64
e;253157;'ablutions intimes';1;10
e;90053;'lavabo';1;712
e;63622;'cob';1;52
e;111740;'menuiserie';1;262
e;60361;'loisirs';1;404
e;10561;'douche';1;1398
e;10525;'chevalet';1;154
e;71539;'animaux';1;1488
e;104460;'chevaux';1;280
e;238604;'hygiène intime';1;92
e;19356;'sexe';1;5650
e;96256;'bois';1;4904
e;1531;'cuvette';1;260
e;92836;'toilettes';1;888
e;38295;'équidé';1;282
e;145246;'cheval';1;3352
e;152733;'salle de bain';1;1372
e;253154;'appareil sanitaire';1;8
e;174176;'spine';1;50
e;566564;'Centre-montagne';777;50
e;3374;'affourcher';1;50
e;14739726;'double-bidet';1;0
e;6069700;'toilettes à bidet';777;0
e;5945435;'bidet breton';777;0
e;5945427;'bidet du Morvan';777;0
e;12081114;'raclure de bidet';1;0
e;103311;'système nerveux';1;270
e;15205612;'sportif, sportive';1;0
e;200631;'faire ses ablutions';1;56
e;11590841;'bidet de la Hague';777;0
e;17530;'se laver';1;816
e;253055;'hygiène corporelle';1;142
e;152125;'Zoologie';1;210
e;11555029;'bidet normand';777;0
e;12988966;'s'asseoir à califourchon';1;0
e;143334;'Mammifères';1;52
e;11405719;'heart';1;0
e;34872;'dada';1;154
e;2013724;'bidets';2;0
e;260545;'lingettes intimes';1;2
e;3706555;'se laver les pieds';1;4
e;175720;'Mammalia';1;50
e;260584;'se laver les fesses';1;50
e;343570;'chevalier du bidet';1;50
r;346492104;116045;213632;0;1
r;391438706;116045;14940408;0;3
r;33323501;116045;339053;0;4
r;417984421;116045;111830;0;13
r;417984422;116045;418051;0;13
r;417984423;116045;143304;0;13
r;98276798;116045;147195;0;15
r;98812107;116045;120157;0;22
r;98812142;116045;247057;0;22
r;778991;116045;78560;0;23
r;310217722;116045;5417745;0;23
r;54908696;116045;65682;0;24
r;62317886;116045;155683;0;24
r;417837108;116045;48795;0;24
r;365847125;116045;14400111;0;25
r;365847176;116045;14400113;0;25
r;97345503;116045;216643;0;26
r;97751236;116045;8990;0;26
r;308099306;116045;13549;0;26
r;417837105;116045;17559;0;26
r;417837107;116045;63235;0;26
r;778990;116045;51855;0;27
r;12218473;116045;89812;0;27
r;29311057;116045;69786;0;27
r;54908695;116045;125918;0;27
r;98812140;116045;143669;0;27
r;54908687;116045;127802;0;28
r;54908688;116045;18142;0;28
r;98276799;116045;32981;0;29
r;98276800;116045;20264;0;29
r;335783239;116045;675513;0;29
r;778993;116045;40184;0;30
r;1279866;116045;133795;0;30
r;1279867;116045;134886;0;30
r;1279869;116045;109733;0;30
r;1279870;116045;32851;0;30
r;15360116;116045;83824;0;30
r;31379426;116045;73685;0;30
r;98276802;116045;260539;0;30
r;98276803;116045;139194;0;30
r;98276805;116045;217387;0;30
r;98276806;116045;152945;0;30
r;98276807;116045;132716;0;30
r;98812106;116045;36886;0;30
r;308099307;116045;157328;0;30
r;308099308;116045;255596;0;30
r;308099309;116045;3233461;0;30
r;308099310;116045;224861;0;30
r;308099311;116045;59340;0;30
r;308099312;116045;12605;0;30
r;308099313;116045;40234;0;30
r;308099314;116045;217380;0;30
r;308099315;116045;114386;0;30
r;308099316;116045;6600;0;30
r;308099317;116045;154008;0;30
r;308099318;116045;20202;0;30
r;308099319;116045;1637642;0;30
r;14167354;116045;122787;0;31
r;31355384;116045;56865;0;31
r;31355677;116045;117095;0;31
r;9358217;116045;11568;0;32
r;31354844;116045;140949;0;32
r;98276801;116045;253157;0;32
r;778992;116045;90053;0;34
r;54908685;116045;63622;0;34
r;1279868;116045;111740;0;35
r;31356675;116045;60361;0;35
r;98276808;116045;10561;0;35
r;333796641;116045;10525;0;35
r;31356016;116045;71539;0;36
r;31356350;116045;104460;0;39
r;98276804;116045;238604;0;40
r;98276809;116045;19356;0;40
r;59529667;116045;96256;0;42
r;2281738;116045;1531;0;51
r;2291198;116045;92836;0;51
r;11471513;116045;38295;0;56
r;9358218;116045;145246;0;63
r;2291197;116045;152733;0;73
r;9755037;116045;253154;0;93
r;24090569;116045;239128;0;1000000
r;292217403;6797262;116045;0;1
r;352451274;174176;116045;0;1
r;434791387;566564;116045;0;1
r;423082514;3374;116045;0;2
r;195741973;6797233;116045;0;5
r;419797929;14739726;116045;0;5
r;119194207;6069700;116045;0;7
r;396941657;7469400;116045;0;10
r;396937738;15216686;116045;0;10
r;396933871;14929722;116045;0;10
r;405235013;20264;116045;0;10
r;430784031;16323527;116045;0;10
r;432395575;14960076;116045;0;10
r;116303842;5945435;116045;0;11
r;116303885;5945427;116045;0;11
r;315109168;12081114;116045;0;12
r;309979351;675513;116045;0;15
r;98628512;8990;116045;0;18
r;219829502;152945;116045;0;20
r;190703739;6800353;116045;0;20
r;401505296;103311;116045;0;20
r;428221145;15205612;116045;0;20
r;429740168;200631;116045;0;20
r;431509314;15209969;116045;0;20
r;777308;51855;116045;0;21
r;12302777;89812;116045;0;21
r;31356015;71539;116045;0;21
r;54860332;65682;116045;0;21
r;55062704;18142;116045;0;21
r;31355676;117095;116045;0;22
r;59529666;96256;116045;0;23
r;59519198;127802;116045;0;24
r;298268772;11590841;116045;0;25
r;309568068;5417745;116045;0;25
r;365847105;17530;116045;0;25
r;365847115;14400110;116045;0;25
r;365847122;14400111;116045;0;25
r;365847129;14400107;116045;0;25
r;365847154;14400112;116045;0;25
r;365847175;14400113;116045;0;25
r;365847185;14400114;116045;0;25
r;395060004;15201991;116045;0;25
r;435001140;14400109;116045;0;25
r;390551412;7256380;116045;0;26
r;31354843;140949;116045;0;27
r;31356349;104460;116045;0;27
r;21155245;111740;116045;0;28
r;21155530;134886;116045;0;28
r;1007355;40184;116045;0;29
r;2423908;253055;116045;0;29
r;8525264;152733;116045;0;29
r;31355383;56865;116045;0;29
r;61516655;155683;116045;0;29
r;31356674;60361;116045;0;30
r;31449257;152125;116045;0;30
r;54711254;125918;116045;0;30
r;59244351;63622;116045;0;30
r;296852572;11555029;116045;0;30
r;333730975;12988966;116045;0;31
r;15292195;83824;116045;0;32
r;21117461;109733;116045;0;32
r;290175054;6800176;116045;0;32
r;21612948;143334;116045;0;34
r;21160715;133795;116045;0;35
r;391250447;11405719;116045;0;35
r;430645901;15264602;116045;0;40
r;72393023;10561;116045;0;41
r;13005111;161661;116045;0;51
r;13013886;327932;116045;0;51
r;8892101;90053;116045;0;53
r;212628624;7224587;116045;0;53
r;10909768;145246;116045;0;54
r;1703544;34872;116045;0;55
r;87541017;2013724;116045;0;55
r;391244763;12566931;116045;0;55
r;31379425;73685;116045;0;56
r;9918396;38295;116045;0;58
r;13926397;122787;116045;0;58
r;10909769;253154;116045;0;59
r;1694298;1531;116045;0;60
r;2474536;238604;116045;0;60
r;2474589;260539;116045;0;63
r;1030121;78560;116045;0;67
r;2072112;69786;116045;0;68
r;2503301;260545;116045;0;70
r;391170039;14922657;116045;0;70
r;2294432;253156;116045;0;80
r;211463393;3706555;116045;0;81
r;215729125;175720;116045;0;86
r;205968406;6948258;116045;0;100
r;12749382;339053;116045;0;103
r;116209465;260584;116045;0;103
r;12730298;343570;116045;0;104
r;21109358;32851;116045;0;104
r;150580482;6947917;116045;0;177
r;99020765;143669;116045;0;180