
e;58183;'blatte';1;136
e;14270798;'VerbalMode:Impératif';4;0
e;14270847;'Ver:ImPre+SG+P2';4;0
e;14270944;'VerbalPers:P3';4;0
e;14270943;'VerbalPers:P2';4;0
e;14270942;'VerbalPers:P1';4;0
e;14270945;'VerbalNumber:SG';4;0
e;150120;'Ver:SPre+SG+P3';4;50
e;150119;'Ver:SPre+SG+P1';4;50
e;150118;'Ver:IPre+SG+P3';4;50
e;150117;'Ver:IPre+SG+P1';4;50
e;212235;'Ver:';4;50
e;2935005;'VerbalTime:Present';4;0
e;3093591;'VerbalMode:Subjonctif';4;0
e;161698;'Ver:IPre+SG+P1:IPre+SG+P3:SPre+SG+P1:SPre+SG+P3:ImPre+SG+P2';4;50
e;3093590;'VerbalMode:Indicatif';4;0
e;2946892;'Ver:Conjug';4;0
e;2586628;'Gender:Fem';4;0
e;2586629;'Number:Sing';4;0
e;146881;'Nom:Fem+SG';4;50
e;171870;'Nom:';4;50
r;361885418;58183;14270798;4;25
r;363199928;58183;14270847;4;25
r;363021290;58183;14270944;4;25
r;363012319;58183;14270943;4;25
r;363003410;58183;14270942;4;25
r;362994534;58183;14270945;4;25
r;362985378;58183;150120;4;25
r;362976390;58183;150119;4;25
r;362967441;58183;150118;4;25
r;362958511;58183;150117;4;25
r;77444476;58183;212235;4;26
r;77444471;58183;2935005;4;27
r;77444473;58183;3093591;4;31
r;77444475;58183;161698;4;32
r;77444474;58183;3093590;4;35
r;77444472;58183;2946892;4;43
r;54022467;58183;2586628;4;45
r;54052696;58183;2586629;4;45
r;14446;58183;146881;4;54
r;1949166;58183;171870;4;86