
e;144416;'bloqué';1;102
e;171870;'Nom:';4;50
e;146885;'Nom:Mas+SG';4;50
e;2586627;'Gender:Mas';4;0
e;146888;'Adj:Mas+SG';4;50
e;2586629;'Number:Sing';4;0
e;161699;'Ver:PPas+Mas+SG';4;50
e;212235;'Ver:';4;50
e;171869;'Adj:';4;50
e;161702;'Ver:PPas';4;50
r;348574716;144416;171870;4;25
r;427749976;144416;146885;4;25
r;97424743;144416;2586627;4;30
r;97424742;144416;146888;4;34
r;97424744;144416;2586629;4;35
r;343775;144416;161699;4;56
r;12086621;144416;212235;4;58
r;1391599;144416;171869;4;61
r;2247634;144416;161702;4;62