
e;51624;'bloquer';1;270
e;317329;'_POLIT_7NOPOL';36;50
e;254877;'_POL-NEUTRE_PC';36;50
e;254876;'_POL-POS_PC';36;50
e;248198;'_SEX_NO';36;50
e;248197;'_SEX_YES';36;50
e;317325;'_POLIT_4MD';36;50
e;217817;'_INFO-POLYSEMIC';36;50
e;241794;'_POL-NEUTRE';36;50
e;276096;'_INFO-WIKI-YES';36;50
e;2585996;'_INFO-CNRTL-YES';36;50
e;223173;'_POL-POS';36;50
e;254878;'_POL-NEG_PC';36;50
e;223172;'_POL-NEG';36;50
r;24477141;51624;317329;36;-1
r;2343007;51624;254877;36;6
r;26822917;51624;254876;36;9
r;2187897;51624;248198;36;16
r;22116576;51624;248197;36;16
r;24477140;51624;317325;36;16
r;76659781;51624;217817;36;27
r;2010847;51624;241794;36;44
r;22120014;51624;276096;36;44
r;54643336;51624;2585996;36;53
r;26220548;51624;223173;36;66
r;2343008;51624;254878;36;86
r;2001838;51624;223172;36;661