
e;144229;'bon';1;1948
e;254878;'_POL-NEG_PC';36;50
e;254877;'_POL-NEUTRE_PC';36;50
e;317329;'_POLIT_7NOPOL';36;50
e;248197;'_SEX_YES';36;50
e;276096;'_INFO-WIKI-YES';36;50
e;15991431;'_ANIME-YES';36;50
e;15991432;'_ANIME-NO';36;50
e;248198;'_SEX_NO';36;50
e;162761;'_INFO-SEM-PERS';36;732
e;191669;'_INFO-SEM-LIVING-BEING';36;160
e;223172;'_POL-NEG';36;50
e;191741;'_INFO-VOC-COMMON';36;50
e;217817;'_INFO-POLYSEMIC';36;50
e;438949;'_INFO-POLYMORPHIC';36;50
e;163012;'_INFO-NO-MORE-QUESTION';36;6094
e;2585996;'_INFO-CNRTL-YES';36;50
e;241794;'_POL-NEUTRE';36;50
e;254876;'_POL-POS_PC';36;50
e;223173;'_POL-POS';36;50
r;27525522;144229;254878;36;2
r;2325247;144229;254877;36;3
r;8928685;144229;317329;36;19
r;2195176;144229;248197;36;24
r;433503857;144229;276096;36;25
r;417381071;144229;15991431;36;25
r;417989185;144229;15991432;36;25
r;2196754;144229;248198;36;31
r;56395972;144229;162761;36;40
r;56469198;144229;191669;36;40
r;26631775;144229;223172;36;42
r;737805;144229;191741;36;44
r;1604428;144229;217817;36;46
r;25904020;144229;438949;36;51
r;431651;144229;163012;36;59
r;54660273;144229;2585996;36;59
r;1996475;144229;241794;36;60
r;2325246;144229;254876;36;94
r;1994269;144229;223173;36;1685