
e;1154;'bonne';1;1138
e;254878;'_POL-NEG_PC';36;50
e;254877;'_POL-NEUTRE_PC';36;50
e;248198;'_SEX_NO';36;50
e;317329;'_POLIT_7NOPOL';36;50
e;223172;'_POL-NEG';36;50
e;248197;'_SEX_YES';36;50
e;162763;'_INFO-SEM-THING-CONCRETE';36;1238
e;191671;'_INFO-SEM-CARAC';36;144
e;15991431;'_ANIME-YES';36;50
e;250117;'_INFO-SEM-PERS-FEM';36;50
e;162761;'_INFO-SEM-PERS';36;732
e;276096;'_INFO-WIKI-YES';36;50
e;2585997;'_INFO-CNRTL-NO';36;50
e;191741;'_INFO-VOC-COMMON';36;50
e;191669;'_INFO-SEM-LIVING-BEING';36;160
e;438949;'_INFO-POLYMORPHIC';36;50
e;217817;'_INFO-POLYSEMIC';36;50
e;254876;'_POL-POS_PC';36;50
e;241794;'_POL-NEUTRE';36;50
e;223173;'_POL-POS';36;50
r;2337858;1154;254878;36;1
r;11529754;1154;254877;36;6
r;98280304;1154;248198;36;10
r;9112097;1154;317329;36;16
r;2014128;1154;223172;36;21
r;2191727;1154;248197;36;23
r;310412253;1154;162763;36;25
r;310669376;1154;191671;36;25
r;417396329;1154;15991431;36;25
r;96929383;1154;250117;36;30
r;96929382;1154;162761;36;40
r;18835955;1154;276096;36;42
r;54653155;1154;2585997;36;55
r;737812;1154;191741;36;58
r;1572643;1154;191669;36;58
r;16005518;1154;438949;36;60
r;1645943;1154;217817;36;62
r;2337857;1154;254876;36;93
r;11525788;1154;241794;36;93
r;1998293;1154;223173;36;1406