
e;1154;'bonne';1;1138
e;14270798;'VerbalMode:Impératif';4;0
e;14270847;'Ver:ImPre+SG+P2';4;0
e;14270944;'VerbalPers:P3';4;0
e;14270943;'VerbalPers:P2';4;0
e;14270942;'VerbalPers:P1';4;0
e;14270945;'VerbalNumber:SG';4;0
e;150120;'Ver:SPre+SG+P3';4;50
e;150119;'Ver:SPre+SG+P1';4;50
e;150118;'Ver:IPre+SG+P3';4;50
e;150117;'Ver:IPre+SG+P1';4;50
e;161698;'Ver:IPre+SG+P1:IPre+SG+P3:SPre+SG+P1:SPre+SG+P3:ImPre+SG+P2';4;50
e;212235;'Ver:';4;50
e;2935005;'VerbalTime:Present';4;0
e;2946892;'Ver:Conjug';4;0
e;3093591;'VerbalMode:Subjonctif';4;0
e;2586628;'Gender:Fem';4;0
e;2586629;'Number:Sing';4;0
e;3093590;'VerbalMode:Indicatif';4;0
e;146894;'Adj:Fem+SG';4;50
e;146881;'Nom:Fem+SG';4;50
e;171870;'Nom:';4;50
e;171869;'Adj:';4;50
r;361882939;1154;14270798;4;25
r;363202773;1154;14270847;4;25
r;363023834;1154;14270944;4;25
r;363014801;1154;14270943;4;25
r;363005897;1154;14270942;4;25
r;362997034;1154;14270945;4;25
r;362988031;1154;150120;4;25
r;362978918;1154;150119;4;25
r;362969928;1154;150118;4;25
r;362960999;1154;150117;4;25
r;76170731;1154;161698;4;45
r;76170732;1154;212235;4;45
r;76170733;1154;2935005;4;45
r;76170734;1154;2946892;4;45
r;76170736;1154;3093591;4;45
r;53920403;1154;2586628;4;46
r;54052751;1154;2586629;4;46
r;76170735;1154;3093590;4;50
r;218364;1154;146894;4;53
r;14693;1154;146881;4;56
r;1391731;1154;171870;4;91
r;1917672;1154;171869;4;161