
e;143279;'bouché';1;146
e;317329;'_POLIT_7NOPOL';36;50
e;254877;'_POL-NEUTRE_PC';36;50
e;217817;'_INFO-POLYSEMIC';36;50
e;276096;'_INFO-WIKI-YES';36;50
e;214534;'_INFO-MEANING-FIGURED';36;50
e;438949;'_INFO-POLYMORPHIC';36;50
e;2585996;'_INFO-CNRTL-YES';36;50
e;254878;'_POL-NEG_PC';36;50
e;241794;'_POL-NEUTRE';36;50
e;223172;'_POL-NEG';36;50
r;9234224;143279;317329;36;16
r;27093696;143279;254877;36;24
r;1925931;143279;217817;36;40
r;30242110;143279;276096;36;40
r;52547612;143279;214534;36;40
r;30242093;143279;438949;36;41
r;55176386;143279;2585996;36;57
r;9149151;143279;254878;36;76
r;25905606;143279;241794;36;120
r;9122712;143279;223172;36;384