
e;45133;'boucher';1;760
e;251716;'_INFO-MONOSEMIC';36;50
e;317327;'_POLIT_6FN';36;50
e;254876;'_POL-POS_PC';36;50
e;317329;'_POLIT_7NOPOL';36;50
e;248198;'_SEX_NO';36;50
e;254878;'_POL-NEG_PC';36;50
e;15991431;'_ANIME-YES';36;50
e;276096;'_INFO-WIKI-YES';36;50
e;191669;'_INFO-SEM-LIVING-BEING';36;160
e;214534;'_INFO-MEANING-FIGURED';36;50
e;162759;'_INFO-SEM-PLACE';36;504
e;217817;'_INFO-POLYSEMIC';36;50
e;191741;'_INFO-VOC-COMMON';36;50
e;162761;'_INFO-SEM-PERS';36;732
e;438949;'_INFO-POLYMORPHIC';36;50
e;2585996;'_INFO-CNRTL-YES';36;50
e;254877;'_POL-NEUTRE_PC';36;50
e;223173;'_POL-POS';36;50
e;223172;'_POL-NEG';36;50
e;241794;'_POL-NEUTRE';36;50
r;310678622;45133;251716;36;-21
r;97135274;45133;317327;36;10
r;3235457;45133;254876;36;13
r;9111027;45133;317329;36;16
r;2191526;45133;248198;36;18
r;2321249;45133;254878;36;25
r;417403781;45133;15991431;36;25
r;335273294;45133;276096;36;29
r;2224591;45133;191669;36;40
r;52630875;45133;214534;36;40
r;668359;45133;162759;36;42
r;1639320;45133;217817;36;44
r;737826;45133;191741;36;45
r;1958790;45133;162761;36;47
r;18841266;45133;438949;36;54
r;54721933;45133;2585996;36;58
r;2321248;45133;254877;36;61
r;3235310;45133;223173;36;155
r;2009343;45133;223172;36;298
r;1994107;45133;241794;36;720