
e;143045;'brosse';1;762
e;14270798;'VerbalMode:Impératif';4;0
e;14270847;'Ver:ImPre+SG+P2';4;0
e;14270944;'VerbalPers:P3';4;0
e;14270943;'VerbalPers:P2';4;0
e;14270942;'VerbalPers:P1';4;0
e;14270945;'VerbalNumber:SG';4;0
e;150120;'Ver:SPre+SG+P3';4;50
e;150119;'Ver:SPre+SG+P1';4;50
e;150118;'Ver:IPre+SG+P3';4;50
e;150117;'Ver:IPre+SG+P1';4;50
e;2586628;'Gender:Fem';4;0
e;2586629;'Number:Sing';4;0
e;2935005;'VerbalTime:Present';4;0
e;2946892;'Ver:Conjug';4;0
e;3093591;'VerbalMode:Subjonctif';4;0
e;3093590;'VerbalMode:Indicatif';4;0
e;212235;'Ver:';4;50
e;161698;'Ver:IPre+SG+P1:IPre+SG+P3:SPre+SG+P1:SPre+SG+P3:ImPre+SG+P2';4;50
e;146881;'Nom:Fem+SG';4;50
e;171870;'Nom:';4;50
r;361879382;143045;14270798;4;25
r;363206376;143045;14270847;4;25
r;363027402;143045;14270944;4;25
r;363018405;143045;14270943;4;25
r;363009448;143045;14270942;4;25
r;363000584;143045;14270945;4;25
r;362991665;143045;150120;4;25
r;362982506;143045;150119;4;25
r;362973488;143045;150118;4;25
r;362964581;143045;150117;4;25
r;54022684;143045;2586628;4;45
r;54052931;143045;2586629;4;45
r;72091296;143045;2935005;4;45
r;72420458;143045;2946892;4;45
r;76171176;143045;3093591;4;45
r;76171175;143045;3093590;4;48
r;12087203;143045;212235;4;58
r;344045;143045;161698;4;59
r;15510;143045;146881;4;80
r;1392186;143045;171870;4;161