
e;62596;'bruyant';1;188
e;223173;'_POL-POS';36;50
e;254877;'_POL-NEUTRE_PC';36;50
e;317329;'_POLIT_7NOPOL';36;50
e;217817;'_INFO-POLYSEMIC';36;50
e;438949;'_INFO-POLYMORPHIC';36;50
e;276096;'_INFO-WIKI-YES';36;50
e;191741;'_INFO-VOC-COMMON';36;50
e;241794;'_POL-NEUTRE';36;50
e;2585996;'_INFO-CNRTL-YES';36;50
e;254878;'_POL-NEG_PC';36;50
e;223172;'_POL-NEG';36;50
r;306324801;62596;223173;36;-25
r;26990489;62596;254877;36;6
r;12021492;62596;317329;36;16
r;390123828;62596;217817;36;25
r;427427955;62596;438949;36;26
r;34783613;62596;276096;36;40
r;737900;62596;191741;36;44
r;26467762;62596;241794;36;53
r;54848192;62596;2585996;36;54
r;2332402;62596;254878;36;97
r;2016735;62596;223172;36;926