
e;97577;'c';1;2168
e;146887;'Nom:Mas+PL';4;50
e;146885;'Nom:Mas+SG';4;50
e;171870;'Nom:';4;50
e;2586627;'Gender:Mas';4;0
e;2586637;'Number:Inv';4;0
e;2586630;'Number:Plur';4;0
e;2586629;'Number:Sing';4;0
e;146900;'Pro:SG+P3:PL+P3';4;50
e;146886;'Nom:Mas+InvPL';4;50
e;147826;'Pro:';4;50
r;15817930;97577;146887;4;28
r;15819734;97577;146885;4;31
r;2156340;97577;171870;4;45
r;54083687;97577;2586627;4;45
r;54085549;97577;2586637;4;45
r;54110131;97577;2586630;4;45
r;54193575;97577;2586629;4;45
r;3509;97577;146900;4;52
r;3508;97577;146886;4;60
r;12088015;97577;147826;4;60