
e;54620;'cadre';1;464
e;14270798;'VerbalMode:Impératif';4;0
e;14270847;'Ver:ImPre+SG+P2';4;0
e;14270944;'VerbalPers:P3';4;0
e;14270943;'VerbalPers:P2';4;0
e;14270942;'VerbalPers:P1';4;0
e;14270945;'VerbalNumber:SG';4;0
e;150120;'Ver:SPre+SG+P3';4;50
e;150119;'Ver:SPre+SG+P1';4;50
e;150118;'Ver:IPre+SG+P3';4;50
e;150117;'Ver:IPre+SG+P1';4;50
e;2586628;'Gender:Fem';4;0
e;3093591;'VerbalMode:Subjonctif';4;0
e;3093590;'VerbalMode:Indicatif';4;0
e;2586627;'Gender:Mas';4;0
e;2586629;'Number:Sing';4;0
e;2935005;'VerbalTime:Present';4;0
e;2946892;'Ver:Conjug';4;0
e;161698;'Ver:IPre+SG+P1:IPre+SG+P3:SPre+SG+P1:SPre+SG+P3:ImPre+SG+P2';4;50
e;146885;'Nom:Mas+SG';4;50
e;212235;'Ver:';4;50
e;171870;'Nom:';4;50
r;361881307;54620;14270798;4;25
r;363204406;54620;14270847;4;25
r;363025467;54620;14270944;4;25
r;363016456;54620;14270943;4;25
r;363007529;54620;14270942;4;25
r;362998663;54620;14270945;4;25
r;362989679;54620;150120;4;25
r;362980558;54620;150119;4;25
r;362971559;54620;150118;4;25
r;362962652;54620;150117;4;25
r;417674104;54620;2586628;4;25
r;77056200;54620;3093591;4;30
r;77056199;54620;3093590;4;34
r;54128866;54620;2586627;4;45
r;54167476;54620;2586629;4;45
r;72091327;54620;2935005;4;45
r;72420490;54620;2946892;4;45
r;344162;54620;161698;4;55
r;2297;54620;146885;4;58
r;12087400;54620;212235;4;58
r;528968;54620;171870;4;109