
e;66324;'café';1;3800
e;155432;'noirs';1;130
e;140213;'d'autant';1;50
e;171561;'ex æquo';1;54
e;52876;'ex aequo';1;50
e;15256020;'conjoint, conjointe';1;0
e;140927;'Noir';1;54
e;191127;'cafétaria';1;50
e;2560684;'cafetard';1;0
e;49002;'kawa';1;66
e;2434434;'bouzin';1;0
e;3285;'débit de boissons';1;116
e;66833;'petit noir';1;84
e;216939;'cafe';1;50
e;100537;'bouiboui';1;50
e;93010;'double-crème';1;50
e;64530;'bistro';1;134
e;158526;'débit de boisson';1;194
e;256165;'bouig-bouig';1;50
e;64089;'cafeton';1;50
e;62439;'bistroquet';1;54
e;50585;'bibine';1;134
e;113547;'boisson';1;3942
e;51134;'bousin';1;60
e;53310;'jus';1;616
e;90043;'express';1;76
e;32866;'lavasse';1;66
e;21383;'débit';1;164
e;93090;'bougnat';1;52
e;121129;'bouchon';1;612
e;181;'cambuse';1;82
e;10231;'cafétéria';1;274
e;121441;'zinc';1;174
e;8218;'popine';1;50
e;42798;'tapis-franc';1;50
e;11621;'bistouille';1;50
e;39600;'gloria';1;50
e;91627;'gargote';1;92
e;2977;'café-concert';1;70
e;71093;'café-théâtre';1;60
e;86521;'cabaret';1;200
e;75197;'caboulot';1;52
e;28570;'filtre';1;350
e;23605;'brasserie';1;644
e;79954;'restaurant';1;5296
e;55351;'buvette';1;98
e;43812;'cappuccino';1;78
e;29443;'estaminet';1;82
e;75381;'troquet';1;142
e;64238;'noir';1;3847
e;52436;'mastroquet';1;52
e;81444;'bistrot';1;766
e;43661;'taverne';1;90
e;132488;'pub';1;360
e;28113;'boui-boui';1;74
e;45415;'assommoir';1;50
e;121941;'caoua';1;72
e;43922;'buffet';1;404
e;44001;'crème';1;1170
e;19654;'bar';1;2502
e;150219;'restau';1;174
e;16072821;'Débit de boissons';1;0
r;85504165;66324;155432;5;-29
r;416387324;66324;140213;5;-15
r;309630834;66324;2585756;5;-10
r;416641832;66324;14934863;5;-10
r;416641861;66324;15318158;5;-10
r;309894318;66324;1803621;5;-5
r;310089830;66324;593939;5;-5
r;310119881;66324;589540;5;-5
r;418682115;66324;171561;5;-5
r;418682045;66324;15236192;5;5
r;418682073;66324;52876;5;5
r;418716691;66324;14957103;5;5
r;418716716;66324;14957104;5;5
r;418735671;66324;6819334;5;5
r;416587345;66324;15256020;5;10
r;331664991;66324;438952;5;15
r;331664993;66324;438953;5;15
r;416368589;66324;15351073;5;15
r;416368606;66324;14963854;5;15
r;416368616;66324;14921757;5;15
r;416483069;66324;15419240;5;15
r;416483071;66324;15419238;5;15
r;416483073;66324;15419239;5;15
r;416483078;66324;15419233;5;15
r;416483086;66324;15419232;5;15
r;416211473;66324;15053319;5;20
r;416211500;66324;15194837;5;20
r;416230530;66324;15273757;5;20
r;309607401;66324;3349770;5;25
r;309894316;66324;1803620;5;25
r;310089828;66324;593938;5;25
r;310119879;66324;589539;5;25
r;310885997;66324;140927;5;25
r;390971427;66324;14925658;5;25
r;61421372;66324;191127;5;26
r;82886871;66324;2560684;5;26
r;98343441;66324;156975;5;26
r;12322246;66324;49002;5;27
r;98818284;66324;2434434;5;27
r;12195652;66324;3285;5;28
r;3144531;66324;66833;5;29
r;216244432;66324;216939;5;29
r;13621769;66324;100537;5;30
r;425284212;66324;66324;5;30
r;12205891;66324;214940;5;31
r;12320383;66324;93010;5;31
r;577311;66324;64530;5;32
r;13620186;66324;158526;5;32
r;2022786;66324;216243;5;34
r;13621777;66324;256165;5;34
r;54724252;66324;64089;5;50
r;12394477;66324;62439;5;51
r;54724237;66324;50585;5;51
r;54686683;66324;113547;5;52
r;54724240;66324;51134;5;52
r;54724245;66324;53310;5;52
r;54724243;66324;90043;5;53
r;54724246;66324;32866;5;53
r;54724249;66324;21383;5;53
r;54724251;66324;93090;5;53
r;54724241;66324;121129;5;54
r;54724242;66324;181;5;54
r;54724255;66324;10231;5;54
r;1546193;66324;213343;5;55
r;12394480;66324;121441;5;55
r;54724247;66324;8218;5;55
r;54724248;66324;42798;5;55
r;54724250;66324;11621;5;55
r;54724244;66324;39600;5;56
r;54724239;66324;91627;5;57
r;54724253;66324;2977;5;57
r;54724254;66324;71093;5;58
r;53773931;66324;86521;5;59
r;54724238;66324;75197;5;60
r;53750052;66324;28570;5;65
r;577317;66324;23605;5;75
r;12318194;66324;79954;5;75
r;577309;66324;55351;5;76
r;577315;66324;43812;5;76
r;577307;66324;29443;5;77
r;577316;66324;75381;5;77
r;3144530;66324;64238;5;77
r;3157874;66324;52436;5;78
r;3157875;66324;81444;5;78
r;577313;66324;43661;5;79
r;577310;66324;132488;5;80
r;577314;66324;28113;5;80
r;577305;66324;45415;5;81
r;3144529;66324;121941;5;81
r;577306;66324;43922;5;85
r;577318;66324;44001;5;85
r;577308;66324;19654;5;105
r;309294521;589540;66324;5;-33
r;309320699;593939;66324;5;-33
r;309437429;1803621;66324;5;-33
r;309520331;2585756;66324;5;-33
r;310698552;158159;66324;5;-33
r;310689151;158158;66324;5;-30
r;85401170;155432;66324;5;-28
r;400208777;171561;66324;5;-20
r;405172337;15318158;66324;5;-20
r;405174213;14934863;66324;5;-20
r;408983026;140213;66324;5;-20
r;10636719;150219;66324;5;-1
r;414285400;15197700;66324;5;5
r;414285529;15442945;66324;5;5
r;414285651;15754830;66324;5;5
r;396535400;6819334;66324;5;20
r;400210706;52876;66324;5;20
r;401142250;14957104;66324;5;20
r;401142367;14957103;66324;5;20
r;403775403;15236192;66324;5;20
r;407378612;15256020;66324;5;20
r;410735028;14921757;66324;5;20
r;390971429;14925658;66324;5;25
r;13431896;256165;66324;5;29
r;13431918;100537;66324;5;29
r;425284212;66324;66324;5;30
r;309228067;438952;66324;5;33
r;309228068;438953;66324;5;33
r;309294520;589539;66324;5;33
r;309320698;593938;66324;5;33
r;309437428;1803620;66324;5;33
r;309530819;3349770;66324;5;33
r;13471325;158526;66324;5;34
r;216244433;216939;66324;5;34
r;1556537;214940;66324;5;37
r;12182579;216243;66324;5;38
r;12394894;62439;66324;5;39
r;396075331;15194837;66324;5;40
r;412974071;15273757;66324;5;40
r;418810649;16072821;66324;5;40
r;1849109;66833;66324;5;42
r;1728054;3285;66324;5;44
r;396075415;15053319;66324;5;45
r;10725221;140927;66324;5;46
r;72698880;64089;66324;5;50
r;405940270;15419238;66324;5;50
r;405940293;15419239;66324;5;50
r;405940316;15419240;66324;5;50
r;408135382;14963854;66324;5;50
r;408135542;15351073;66324;5;50
r;253279;79954;66324;5;51
r;596257;64530;66324;5;51
r;1684541;81444;66324;5;51
r;53563268;86521;66324;5;51
r;53602255;28570;66324;5;51
r;54761675;91627;66324;5;51
r;54774247;181;66324;5;51
r;54779145;10231;66324;5;51
r;55150304;39600;66324;5;51
r;61042758;191127;66324;5;51
r;54735669;53310;66324;5;52
r;55138522;42798;66324;5;52
r;55007182;75197;66324;5;53
r;55152580;90043;66324;5;53
r;54749976;121129;66324;5;54
r;54994891;11621;66324;5;56
r;54800030;50585;66324;5;57
r;54733632;21383;66324;5;58
r;54761118;71093;66324;5;58
r;54991086;32866;66324;5;58
r;55338959;93090;66324;5;58
r;54684599;113547;66324;5;59
r;55138532;8218;66324;5;59
r;54801431;51134;66324;5;60
r;95726439;2434434;66324;5;60
r;97676013;156975;66324;5;62
r;2120954;213343;66324;5;68
r;592465;23605;66324;5;75
r;577320;132488;66324;5;76
r;577368;43922;66324;5;77
r;595762;28113;66324;5;77
r;577359;75381;66324;5;78
r;689627;43812;66324;5;78
r;573613;44001;66324;5;79
r;577361;55351;66324;5;79
r;682610;29443;66324;5;79
r;577323;19654;66324;5;81
r;690545;45415;66324;5;82
r;10713483;121941;66324;5;82
r;12169303;52436;66324;5;82
r;165351;49002;66324;5;84
r;592458;43661;66324;5;85
r;12394892;121441;66324;5;85
r;402313000;15419232;66324;5;85
r;402313029;15419233;66324;5;85
r;7155272;64238;66324;5;86
r;54761123;2977;66324;5;89
r;205274;93010;66324;5;90
r;82836231;2560684;66324;5;173