
e;42992;'calme';1;1918
e;14270798;'VerbalMode:Impératif';4;0
e;14270847;'Ver:ImPre+SG+P2';4;0
e;14270944;'VerbalPers:P3';4;0
e;14270943;'VerbalPers:P2';4;0
e;14270942;'VerbalPers:P1';4;0
e;14270945;'VerbalNumber:SG';4;0
e;150120;'Ver:SPre+SG+P3';4;50
e;150119;'Ver:SPre+SG+P1';4;50
e;150118;'Ver:IPre+SG+P3';4;50
e;150117;'Ver:IPre+SG+P1';4;50
e;146888;'Adj:Mas+SG';4;50
e;2935005;'VerbalTime:Present';4;0
e;3093591;'VerbalMode:Subjonctif';4;0
e;3093590;'VerbalMode:Indicatif';4;0
e;212235;'Ver:';4;50
e;161698;'Ver:IPre+SG+P1:IPre+SG+P3:SPre+SG+P1:SPre+SG+P3:ImPre+SG+P2';4;50
e;2586634;'Gender:Inv';4;0
e;2586627;'Gender:Mas';4;0
e;2946892;'Ver:Conjug';4;0
e;2586628;'Gender:Fem';4;0
e;2586629;'Number:Sing';4;0
e;171870;'Nom:';4;50
e;146885;'Nom:Mas+SG';4;50
e;146883;'Adj:InvGen+SG';4;50
e;146894;'Adj:Fem+SG';4;50
e;171869;'Adj:';4;50
r;361880525;42992;14270798;4;25
r;363205187;42992;14270847;4;25
r;363026245;42992;14270944;4;25
r;363017238;42992;14270943;4;25
r;363008303;42992;14270942;4;25
r;362999449;42992;14270945;4;25
r;362990479;42992;150120;4;25
r;362981341;42992;150119;4;25
r;362972336;42992;150118;4;25
r;362963436;42992;150117;4;25
r;16087372;42992;146888;4;34
r;72091339;42992;2935005;4;45
r;75696363;42992;3093591;4;45
r;75696362;42992;3093590;4;48
r;12087517;42992;212235;4;54
r;344207;42992;161698;4;57
r;53936534;42992;2586634;4;65
r;53971086;42992;2586627;4;65
r;72420505;42992;2946892;4;65
r;53924279;42992;2586628;4;66
r;53941968;42992;2586629;4;67
r;1392518;42992;171870;4;70
r;2520;42992;146885;4;73
r;2519;42992;146883;4;74
r;16081954;42992;146894;4;75
r;1392519;42992;171869;4;88