
e;42992;'calme';1;1918
e;254878;'_POL-NEG_PC';36;50
e;254877;'_POL-NEUTRE_PC';36;50
e;317329;'_POLIT_7NOPOL';36;50
e;248198;'_SEX_NO';36;50
e;15991432;'_ANIME-NO';36;50
e;276096;'_INFO-WIKI-YES';36;50
e;223172;'_POL-NEG';36;50
e;217817;'_INFO-POLYSEMIC';36;50
e;323621;'_INFO-SEM-EMOTION-RELATED';36;50
e;458628;'_INFO-SEM-PLACE-GEO';36;504
e;241794;'_POL-NEUTRE';36;50
e;162759;'_INFO-SEM-PLACE';36;504
e;191741;'_INFO-VOC-COMMON';36;50
e;438949;'_INFO-POLYMORPHIC';36;50
e;2585996;'_INFO-CNRTL-YES';36;50
e;254876;'_POL-POS_PC';36;50
e;223173;'_POL-POS';36;50
r;27527171;42992;254878;36;4
r;2328932;42992;254877;36;6
r;9164710;42992;317329;36;17
r;2189417;42992;248198;36;24
r;417676509;42992;15991432;36;25
r;287818793;42992;276096;36;29
r;26445536;42992;223172;36;31
r;1847241;42992;217817;36;42
r;9266805;42992;323621;36;42
r;16108130;42992;458628;36;46
r;1996002;42992;241794;36;47
r;668231;42992;162759;36;49
r;737935;42992;191741;36;49
r;18767251;42992;438949;36;52
r;54608827;42992;2585996;36;54
r;2328931;42992;254876;36;90
r;1992915;42992;223173;36;722