
e;35676;'canapé';1;1232
e;171869;'Adj:';4;50
e;161699;'Ver:PPas+Mas+SG';4;50
e;161702;'Ver:PPas';4;50
e;146888;'Adj:Mas+SG';4;50
e;212235;'Ver:';4;50
e;2586627;'Gender:Mas';4;0
e;2586629;'Number:Sing';4;0
e;146885;'Nom:Mas+SG';4;50
e;171870;'Nom:';4;50
r;77380576;35676;171869;4;31
r;77564610;35676;161699;4;31
r;77306840;35676;161702;4;32
r;105184026;35676;146888;4;35
r;77564611;35676;212235;4;38
r;54128995;35676;2586627;4;45
r;54167606;35676;2586629;4;45
r;2673;35676;146885;4;55
r;1392606;35676;171870;4;67