
e;28044;'cause';1;334
e;146882;'Ver:Inf';4;50
e;14270798;'VerbalMode:Impératif';4;0
e;14270847;'Ver:ImPre+SG+P2';4;0
e;14270944;'VerbalPers:P3';4;0
e;14270943;'VerbalPers:P2';4;0
e;14270942;'VerbalPers:P1';4;0
e;14270945;'VerbalNumber:SG';4;0
e;150120;'Ver:SPre+SG+P3';4;50
e;150119;'Ver:SPre+SG+P1';4;50
e;150118;'Ver:IPre+SG+P3';4;50
e;150117;'Ver:IPre+SG+P1';4;50
e;2586628;'Gender:Fem';4;0
e;2586629;'Number:Sing';4;0
e;2935005;'VerbalTime:Present';4;0
e;2946892;'Ver:Conjug';4;0
e;3093591;'VerbalMode:Subjonctif';4;0
e;146881;'Nom:Fem+SG';4;50
e;161698;'Ver:IPre+SG+P1:IPre+SG+P3:SPre+SG+P1:SPre+SG+P3:ImPre+SG+P2';4;50
e;3093590;'VerbalMode:Indicatif';4;0
e;212235;'Ver:';4;50
e;171870;'Nom:';4;50
r;390135582;28044;146882;4;-25
r;361882526;28044;14270798;4;25
r;363203187;28044;14270847;4;25
r;363024250;28044;14270944;4;25
r;363015218;28044;14270943;4;25
r;363006312;28044;14270942;4;25
r;362997444;28044;14270945;4;25
r;362988449;28044;150120;4;25
r;362979333;28044;150119;4;25
r;362970339;28044;150118;4;25
r;362961429;28044;150117;4;25
r;54020128;28044;2586628;4;45
r;54050202;28044;2586629;4;45
r;72091390;28044;2935005;4;45
r;72420559;28044;2946892;4;45
r;75339690;28044;3093591;4;46
r;3456;28044;146881;4;51
r;344412;28044;161698;4;52
r;75339689;28044;3093590;4;54
r;12087973;28044;212235;4;55
r;544419;28044;171870;4;81