
e;23128;'cela';1;124
e;14270944;'VerbalPers:P3';4;0
e;14270945;'VerbalNumber:SG';4;0
e;14271095;'VerbalTime:PasséSimple';4;0
e;2586627;'Gender:Mas';4;0
e;146885;'Nom:Mas+SG';4;50
e;2586629;'Number:Sing';4;0
e;2935006;'VerbalTime:Past';4;0
e;2946892;'Ver:Conjug';4;0
e;3093590;'VerbalMode:Indicatif';4;0
e;171870;'Nom:';4;50
e;161713;'Ver:IPSim+SG+P3';4;50
e;212235;'Ver:';4;50
e;146903;'Pro:Mas+SG';4;50
e;147826;'Pro:';4;50
e;2355214;'Pro:Dem';4;0
r;363136100;23128;14270944;4;25
r;363127877;23128;14270945;4;25
r;363119682;23128;14271095;4;25
r;418003495;23128;2586627;4;25
r;427747926;23128;146885;4;25
r;427758175;23128;2586629;4;25
r;72154726;23128;2935006;4;45
r;72420564;23128;2946892;4;45
r;75806137;23128;3093590;4;45
r;1393101;23128;171870;4;57
r;344428;23128;161713;4;58
r;12088036;23128;212235;4;59
r;3536;23128;146903;4;66
r;12088035;23128;147826;4;124
r;46493194;23128;2355214;4;152