
e;31970;'centre';1;758
e;146882;'Ver:Inf';4;50
e;14270798;'VerbalMode:Impératif';4;0
e;14270847;'Ver:ImPre+SG+P2';4;0
e;14270944;'VerbalPers:P3';4;0
e;14270943;'VerbalPers:P2';4;0
e;14270942;'VerbalPers:P1';4;0
e;14270945;'VerbalNumber:SG';4;0
e;150120;'Ver:SPre+SG+P3';4;50
e;150119;'Ver:SPre+SG+P1';4;50
e;150118;'Ver:IPre+SG+P3';4;50
e;150117;'Ver:IPre+SG+P1';4;50
e;2586627;'Gender:Mas';4;0
e;2586629;'Number:Sing';4;0
e;2935005;'VerbalTime:Present';4;0
e;2946892;'Ver:Conjug';4;0
e;3093591;'VerbalMode:Subjonctif';4;0
e;3093590;'VerbalMode:Indicatif';4;0
e;212235;'Ver:';4;50
e;161698;'Ver:IPre+SG+P1:IPre+SG+P3:SPre+SG+P1:SPre+SG+P3:ImPre+SG+P2';4;50
e;146885;'Nom:Mas+SG';4;50
e;171870;'Nom:';4;50
r;390137804;31970;146882;4;-25
r;361882525;31970;14270798;4;25
r;363203188;31970;14270847;4;25
r;363024251;31970;14270944;4;25
r;363015219;31970;14270943;4;25
r;363006313;31970;14270942;4;25
r;362997445;31970;14270945;4;25
r;362988450;31970;150120;4;25
r;362979334;31970;150119;4;25
r;362970340;31970;150118;4;25
r;362961430;31970;150117;4;25
r;54129281;31970;2586627;4;45
r;54167889;31970;2586629;4;45
r;72091401;31970;2935005;4;45
r;72420570;31970;2946892;4;45
r;75812643;31970;3093591;4;45
r;75812642;31970;3093590;4;48
r;12088076;31970;212235;4;51
r;344446;31970;161698;4;52
r;3641;31970;146885;4;60
r;1393176;31970;171870;4;97