
e;399148;'certaines';1;52
e;14270943;'VerbalPers:P2';4;0
e;14270945;'VerbalNumber:SG';4;0
e;161718;'Ver:SPre+SG+P2';4;50
e;161717;'Ver:IPre+SG+P2';4;50
e;3093591;'VerbalMode:Subjonctif';4;0
e;3093590;'VerbalMode:Indicatif';4;0
e;2356744;'Pro:Indef';4;0
e;2935005;'VerbalTime:Present';4;0
e;2946892;'Ver:Conjug';4;0
e;2586628;'Gender:Fem';4;0
e;2586630;'Number:Plur';4;0
e;161755;'Pro:Fem+PL';4;50
e;161754;'Det:Fem+PL';4;50
e;147628;'Det:';4;50
e;149404;'Adj:Fem+PL';4;50
e;212235;'Ver:';4;50
e;161710;'Ver:IPre+SG+P2:SPre+SG+P2';4;50
e;147826;'Pro:';4;50
e;171869;'Adj:';4;50
r;362956113;399148;14270943;4;25
r;362947718;399148;14270945;4;25
r;362939285;399148;161718;4;25
r;362930805;399148;161717;4;25
r;75451357;399148;3093591;4;32
r;75451356;399148;3093590;4;38
r;48898833;399148;2356744;4;44
r;75451354;399148;2935005;4;45
r;75451355;399148;2946892;4;45
r;53899433;399148;2586628;4;46
r;53909952;399148;2586630;4;46
r;14347982;399148;161755;4;51
r;14347980;399148;161754;4;54
r;14347981;399148;147628;4;55
r;14347977;399148;149404;4;57
r;75451353;399148;212235;4;57
r;75451352;399148;161710;4;60
r;14347983;399148;147826;4;63
r;14347978;399148;171869;4;69