
e;90075;'chambre';1;5104
e;14270798;'VerbalMode:Impératif';4;0
e;14270847;'Ver:ImPre+SG+P2';4;0
e;14270944;'VerbalPers:P3';4;0
e;14270943;'VerbalPers:P2';4;0
e;14270942;'VerbalPers:P1';4;0
e;14270945;'VerbalNumber:SG';4;0
e;150120;'Ver:SPre+SG+P3';4;50
e;150119;'Ver:SPre+SG+P1';4;50
e;150118;'Ver:IPre+SG+P3';4;50
e;150117;'Ver:IPre+SG+P1';4;50
e;146885;'Nom:Mas+SG';4;50
e;2586627;'Gender:Mas';4;0
e;2586628;'Gender:Fem';4;0
e;2586629;'Number:Sing';4;0
e;171869;'Adj:';4;50
e;2935005;'VerbalTime:Present';4;0
e;2946892;'Ver:Conjug';4;0
e;3093591;'VerbalMode:Subjonctif';4;0
e;3093590;'VerbalMode:Indicatif';4;0
e;212235;'Ver:';4;50
e;161698;'Ver:IPre+SG+P1:IPre+SG+P3:SPre+SG+P1:SPre+SG+P3:ImPre+SG+P2';4;50
e;146881;'Nom:Fem+SG';4;50
e;171870;'Nom:';4;50
r;361880515;90075;14270798;4;25
r;363205197;90075;14270847;4;25
r;363026255;90075;14270944;4;25
r;363017248;90075;14270943;4;25
r;363008313;90075;14270942;4;25
r;362999459;90075;14270945;4;25
r;362990489;90075;150120;4;25
r;362981351;90075;150119;4;25
r;362972346;90075;150118;4;25
r;362963446;90075;150117;4;25
r;375045453;90075;146885;4;25
r;375108906;90075;2586627;4;25
r;54020211;90075;2586628;4;45
r;54050292;90075;2586629;4;45
r;57980728;90075;171869;4;45
r;72091415;90075;2935005;4;45
r;72420584;90075;2946892;4;45
r;75692828;90075;3093591;4;45
r;75692827;90075;3093590;4;50
r;12088198;90075;212235;4;56
r;344505;90075;161698;4;57
r;3862;90075;146881;4;60
r;1393357;90075;171870;4;72