
e;159983;'chambres';1;70
e;171869;'Adj:';4;50
e;14270943;'VerbalPers:P2';4;0
e;14270945;'VerbalNumber:SG';4;0
e;161718;'Ver:SPre+SG+P2';4;50
e;161717;'Ver:IPre+SG+P2';4;50
e;161710;'Ver:IPre+SG+P2:SPre+SG+P2';4;50
e;2586628;'Gender:Fem';4;0
e;2586630;'Number:Plur';4;0
e;2935005;'VerbalTime:Present';4;0
e;2946892;'Ver:Conjug';4;0
e;3093590;'VerbalMode:Indicatif';4;0
e;3093591;'VerbalMode:Subjonctif';4;0
e;212235;'Ver:';4;50
e;146893;'Nom:Fem+PL';4;50
e;171870;'Nom:';4;50
r;329862226;159983;171869;4;25
r;362950420;159983;14270943;4;25
r;362941984;159983;14270945;4;25
r;362933530;159983;161718;4;25
r;362925054;159983;161717;4;25
r;344508;159983;161710;4;40
r;53987785;159983;2586628;4;45
r;54003874;159983;2586630;4;45
r;72091416;159983;2935005;4;45
r;72420585;159983;2946892;4;45
r;75692829;159983;3093590;4;45
r;75692830;159983;3093591;4;45
r;12088204;159983;212235;4;51
r;344507;159983;146893;4;57
r;2272484;159983;171870;4;73