
e;74026;'changé';1;80
e;254877;'_POL-NEUTRE_PC';36;50
e;273221;'_INFO-WIKI-NO';36;50
e;217817;'_INFO-POLYSEMIC';36;50
e;241794;'_POL-NEUTRE';36;50
e;438949;'_INFO-POLYMORPHIC';36;50
e;2585996;'_INFO-CNRTL-YES';36;50
e;254878;'_POL-NEG_PC';36;50
e;223172;'_POL-NEG';36;50
r;2345225;74026;254877;36;9
r;7166186;74026;273221;36;40
r;30187000;74026;217817;36;40
r;2053135;74026;241794;36;44
r;29799613;74026;438949;36;44
r;55253831;74026;2585996;36;59
r;9127215;74026;254878;36;91
r;9124227;74026;223172;36;458