
e;4044;'charme';1;302
e;14270798;'VerbalMode:Impératif';4;0
e;14270847;'Ver:ImPre+SG+P2';4;0
e;14270944;'VerbalPers:P3';4;0
e;14270943;'VerbalPers:P2';4;0
e;14270942;'VerbalPers:P1';4;0
e;14270945;'VerbalNumber:SG';4;0
e;150120;'Ver:SPre+SG+P3';4;50
e;150119;'Ver:SPre+SG+P1';4;50
e;150118;'Ver:IPre+SG+P3';4;50
e;150117;'Ver:IPre+SG+P1';4;50
e;3093591;'VerbalMode:Subjonctif';4;0
e;3093590;'VerbalMode:Indicatif';4;0
e;2586627;'Gender:Mas';4;0
e;2586629;'Number:Sing';4;0
e;2935005;'VerbalTime:Present';4;0
e;2946892;'Ver:Conjug';4;0
e;212235;'Ver:';4;50
e;146885;'Nom:Mas+SG';4;50
e;161698;'Ver:IPre+SG+P1:IPre+SG+P3:SPre+SG+P1:SPre+SG+P3:ImPre+SG+P2';4;50
e;171870;'Nom:';4;50
r;361879375;4044;14270798;4;25
r;363206383;4044;14270847;4;25
r;363027409;4044;14270944;4;25
r;363018412;4044;14270943;4;25
r;363009455;4044;14270942;4;25
r;363000591;4044;14270945;4;25
r;362991672;4044;150120;4;25
r;362982513;4044;150119;4;25
r;362973495;4044;150118;4;25
r;362964588;4044;150117;4;25
r;77294102;4044;3093591;4;28
r;77294101;4044;3093590;4;35
r;54129402;4044;2586627;4;45
r;54168009;4044;2586629;4;45
r;72091424;4044;2935005;4;45
r;72420593;4044;2946892;4;45
r;12088321;4044;212235;4;55
r;4036;4044;146885;4;57
r;344559;4044;161698;4;59
r;1393487;4044;171870;4;72