
e;10233;'charmant';1;216
e;251716;'_INFO-MONOSEMIC';36;50
e;254877;'_POL-NEUTRE_PC';36;50
e;254878;'_POL-NEG_PC';36;50
e;248198;'_SEX_NO';36;50
e;217817;'_INFO-POLYSEMIC';36;50
e;438949;'_INFO-POLYMORPHIC';36;50
e;248197;'_SEX_YES';36;50
e;191741;'_INFO-VOC-COMMON';36;50
e;273221;'_INFO-WIKI-NO';36;50
e;223172;'_POL-NEG';36;50
e;241794;'_POL-NEUTRE';36;50
e;2585996;'_INFO-CNRTL-YES';36;50
e;254876;'_POL-POS_PC';36;50
e;223173;'_POL-POS';36;50
r;96190439;10233;251716;36;-32
r;2338395;10233;254877;36;5
r;2338396;10233;254878;36;5
r;2235483;10233;248198;36;19
r;417753668;10233;217817;36;25
r;427398084;10233;438949;36;25
r;2194054;10233;248197;36;26
r;738076;10233;191741;36;35
r;30284692;10233;273221;36;40
r;1998351;10233;223172;36;43
r;2032853;10233;241794;36;43
r;54934583;10233;2585996;36;58
r;2338394;10233;254876;36;91
r;1995237;10233;223173;36;850