
e;153421;'chauffée';1;80
e;223172;'_POL-NEG';36;50
e;241794;'_POL-NEUTRE';36;50
e;223173;'_POL-POS';36;50
e;254878;'_POL-NEG_PC';36;50
e;254877;'_POL-NEUTRE_PC';36;50
e;254876;'_POL-POS_PC';36;50
e;438949;'_INFO-POLYMORPHIC';36;50
e;273221;'_INFO-WIKI-NO';36;50
e;2585997;'_INFO-CNRTL-NO';36;50
r;104616645;153421;223172;36;1
r;104616647;153421;241794;36;2
r;104616646;153421;223173;36;2
r;104616650;153421;254878;36;23
r;104616649;153421;254877;36;40
r;104616648;153421;254876;36;40
r;29544897;153421;438949;36;41
r;6563237;153421;273221;36;45
r;72940137;153421;2585997;36;63