
e;23433;'cher';1;680
e;254877;'_POL-NEUTRE_PC';36;50
e;317326;'_POLIT_5UMP';36;50
e;248198;'_SEX_NO';36;50
e;191678;'_INFO-SEM-SET';36;18
e;254876;'_POL-POS_PC';36;50
e;276096;'_INFO-WIKI-YES';36;50
e;214534;'_INFO-MEANING-FIGURED';36;50
e;438949;'_INFO-POLYMORPHIC';36;50
e;217817;'_INFO-POLYSEMIC';36;50
e;241794;'_POL-NEUTRE';36;50
e;163012;'_INFO-NO-MORE-QUESTION';36;6094
e;2585996;'_INFO-CNRTL-YES';36;50
e;254878;'_POL-NEG_PC';36;50
e;191741;'_INFO-VOC-COMMON';36;50
e;223173;'_POL-POS';36;50
e;223172;'_POL-NEG';36;50
r;2334381;23433;254877;36;8
r;98273180;23433;317326;36;10
r;3208506;23433;248198;36;16
r;114414337;23433;191678;36;30
r;2570750;23433;254876;36;32
r;30459414;23433;276096;36;40
r;52532402;23433;214534;36;40
r;18684264;23433;438949;36;45
r;1828885;23433;217817;36;46
r;2009867;23433;241794;36;47
r;434072;23433;163012;36;51
r;54736295;23433;2585996;36;58
r;2334382;23433;254878;36;60
r;738114;23433;191741;36;63
r;2569182;23433;223173;36;181
r;2025715;23433;223172;36;337