
e;163546;'cigarettes';1;156
e;14270943;'VerbalPers:P2';4;0
e;14270945;'VerbalNumber:SG';4;0
e;161718;'Ver:SPre+SG+P2';4;50
e;161717;'Ver:IPre+SG+P2';4;50
e;3093590;'VerbalMode:Indicatif';4;0
e;3093591;'VerbalMode:Subjonctif';4;0
e;2935005;'VerbalTime:Present';4;0
e;2946892;'Ver:Conjug';4;0
e;161710;'Ver:IPre+SG+P2:SPre+SG+P2';4;50
e;212235;'Ver:';4;50
e;2586628;'Gender:Fem';4;0
e;2586630;'Number:Plur';4;0
e;146893;'Nom:Fem+PL';4;50
e;171870;'Nom:';4;50
r;362949252;163546;14270943;4;25
r;362940814;163546;14270945;4;25
r;362932345;163546;161718;4;25
r;362923861;163546;161717;4;25
r;76370725;163546;3093590;4;26
r;76370724;163546;3093591;4;28
r;76370726;163546;2935005;4;28
r;76370727;163546;2946892;4;28
r;76370728;163546;161710;4;30
r;76370729;163546;212235;4;40
r;53988678;163546;2586628;4;45
r;54004767;163546;2586630;4;45
r;12088697;163546;146893;4;58
r;2175187;163546;171870;4;71