
e;42645;'complet';1;326
e;254878;'_POL-NEG_PC';36;50
e;248198;'_SEX_NO';36;50
e;276096;'_INFO-WIKI-YES';36;50
e;15991432;'_ANIME-NO';36;50
e;254877;'_POL-NEUTRE_PC';36;50
e;438949;'_INFO-POLYMORPHIC';36;50
e;191741;'_INFO-VOC-COMMON';36;50
e;217817;'_INFO-POLYSEMIC';36;50
e;2585996;'_INFO-CNRTL-YES';36;50
e;254876;'_POL-POS_PC';36;50
e;223172;'_POL-NEG';36;50
e;241794;'_POL-NEUTRE';36;50
e;223173;'_POL-POS';36;50
r;2322489;42645;254878;36;10
r;72556584;42645;248198;36;17
r;414368287;42645;276096;36;25
r;418022381;42645;15991432;36;25
r;26762574;42645;254877;36;36
r;23224094;42645;438949;36;45
r;738260;42645;191741;36;48
r;1646172;42645;217817;36;48
r;54762198;42645;2585996;36;53
r;2570423;42645;254876;36;54
r;2006935;42645;223172;36;71
r;26223306;42645;241794;36;247
r;2568979;42645;223173;36;371