
e;9743;'concerner';1;74
e;254878;'_POL-NEG_PC';36;50
e;254876;'_POL-POS_PC';36;50
e;251716;'_INFO-MONOSEMIC';36;50
e;191741;'_INFO-VOC-COMMON';36;50
e;273221;'_INFO-WIKI-NO';36;50
e;223172;'_POL-NEG';36;50
e;2585996;'_INFO-CNRTL-YES';36;50
e;254877;'_POL-NEUTRE_PC';36;50
e;223173;'_POL-POS';36;50
e;241794;'_POL-NEUTRE';36;50
r;26803543;9743;254878;36;9
r;9292165;9743;254876;36;23
r;96246088;9743;251716;36;31
r;738273;9743;191741;36;40
r;25044696;9743;273221;36;47
r;26470792;9743;223172;36;49
r;54778959;9743;2585996;36;57
r;9292166;9743;254877;36;69
r;9146828;9743;223173;36;130
r;9202404;9743;241794;36;390