
e;50406;'confortable';1;262
e;254878;'_POL-NEG_PC';36;50
e;317329;'_POLIT_7NOPOL';36;50
e;254877;'_POL-NEUTRE_PC';36;50
e;223172;'_POL-NEG';36;50
e;273221;'_INFO-WIKI-NO';36;50
e;323621;'_INFO-SEM-EMOTION-RELATED';36;50
e;217817;'_INFO-POLYSEMIC';36;50
e;191741;'_INFO-VOC-COMMON';36;50
e;2585996;'_INFO-CNRTL-YES';36;50
e;254876;'_POL-POS_PC';36;50
e;241794;'_POL-NEUTRE';36;50
e;223173;'_POL-POS';36;50
r;27418836;50406;254878;36;5
r;9011371;50406;317329;36;16
r;9249265;50406;254877;36;16
r;27388760;50406;223172;36;23
r;91994804;50406;273221;36;29
r;9266814;50406;323621;36;42
r;2183655;50406;217817;36;45
r;738294;50406;191741;36;46
r;54799245;50406;2585996;36;51
r;2337201;50406;254876;36;80
r;9207157;50406;241794;36;81
r;2001543;50406;223173;36;405