
e;36747;'continental';1;114
e;317326;'_POLIT_5UMP';36;50
e;254877;'_POL-NEUTRE_PC';36;50
e;276096;'_INFO-WIKI-YES';36;50
e;217817;'_INFO-POLYSEMIC';36;50
e;15991431;'_ANIME-YES';36;50
e;162761;'_INFO-SEM-PERS';36;732
e;191669;'_INFO-SEM-LIVING-BEING';36;160
e;438949;'_INFO-POLYMORPHIC';36;50
e;2585996;'_INFO-CNRTL-YES';36;50
e;254876;'_POL-POS_PC';36;50
e;241794;'_POL-NEUTRE';36;50
e;223173;'_POL-POS';36;50
r;72880892;36747;317326;36;16
r;26960566;36747;254877;36;22
r;426598025;36747;276096;36;25
r;390166611;36747;217817;36;25
r;417863254;36747;15991431;36;25
r;417863255;36747;162761;36;25
r;418461324;36747;191669;36;25
r;427427614;36747;438949;36;26
r;55228657;36747;2585996;36;55
r;9332249;36747;254876;36;78
r;26331439;36747;241794;36;96
r;9329502;36747;223173;36;340