
e;134293;'copieux';1;90
e;254878;'_POL-NEG_PC';36;50
e;254877;'_POL-NEUTRE_PC';36;50
e;251716;'_INFO-MONOSEMIC';36;50
e;273221;'_INFO-WIKI-NO';36;50
e;223172;'_POL-NEG';36;50
e;2585996;'_INFO-CNRTL-YES';36;50
e;254876;'_POL-POS_PC';36;50
e;241794;'_POL-NEUTRE';36;50
e;223173;'_POL-POS';36;50
r;27061016;134293;254878;36;11
r;9249874;134293;254877;36;17
r;95986187;134293;251716;36;28
r;6440974;134293;273221;36;43
r;26412719;134293;223172;36;53
r;54791752;134293;2585996;36;58
r;9249873;134293;254876;36;72
r;9216798;134293;241794;36;85
r;9130216;134293;223173;36;351