
e;31334;'correct';1;210
e;254877;'_POL-NEUTRE_PC';36;50
e;254878;'_POL-NEG_PC';36;50
e;248198;'_SEX_NO';36;50
e;317329;'_POLIT_7NOPOL';36;50
e;438949;'_INFO-POLYMORPHIC';36;50
e;276096;'_INFO-WIKI-YES';36;50
e;217817;'_INFO-POLYSEMIC';36;50
e;241794;'_POL-NEUTRE';36;50
e;223172;'_POL-NEG';36;50
e;2585996;'_INFO-CNRTL-YES';36;50
e;254876;'_POL-POS_PC';36;50
e;223173;'_POL-POS';36;50
r;2384368;31334;254877;36;8
r;27154265;31334;254878;36;9
r;3162848;31334;248198;36;16
r;11752832;31334;317329;36;16
r;18604443;31334;438949;36;39
r;29481743;31334;276096;36;40
r;29480825;31334;217817;36;40
r;1995286;31334;241794;36;41
r;26547987;31334;223172;36;42
r;54755237;31334;2585996;36;52
r;2384367;31334;254876;36;83
r;1994018;31334;223173;36;409