
e;29039;'couple';1;1829
e;146882;'Ver:Inf';4;50
e;14270798;'VerbalMode:Impératif';4;0
e;14270847;'Ver:ImPre+SG+P2';4;0
e;14270944;'VerbalPers:P3';4;0
e;14270943;'VerbalPers:P2';4;0
e;14270942;'VerbalPers:P1';4;0
e;14270945;'VerbalNumber:SG';4;0
e;150120;'Ver:SPre+SG+P3';4;50
e;150119;'Ver:SPre+SG+P1';4;50
e;150118;'Ver:IPre+SG+P3';4;50
e;150117;'Ver:IPre+SG+P1';4;50
e;2586628;'Gender:Fem';4;0
e;2586629;'Number:Sing';4;0
e;2586627;'Gender:Mas';4;0
e;2935005;'VerbalTime:Present';4;0
e;3093591;'VerbalMode:Subjonctif';4;0
e;3093590;'VerbalMode:Indicatif';4;0
e;161698;'Ver:IPre+SG+P1:IPre+SG+P3:SPre+SG+P1:SPre+SG+P3:ImPre+SG+P2';4;50
e;212235;'Ver:';4;50
e;2946892;'Ver:Conjug';4;0
e;146881;'Nom:Fem+SG';4;50
e;146885;'Nom:Mas+SG';4;50
e;171870;'Nom:';4;50
r;390055181;29039;146882;4;-25
r;361881282;29039;14270798;4;25
r;363204431;29039;14270847;4;25
r;363025492;29039;14270944;4;25
r;363016481;29039;14270943;4;25
r;363007554;29039;14270942;4;25
r;362998688;29039;14270945;4;25
r;362989704;29039;150120;4;25
r;362980583;29039;150119;4;25
r;362971584;29039;150118;4;25
r;362962677;29039;150117;4;25
r;54020977;29039;2586628;4;45
r;54051116;29039;2586629;4;45
r;54130203;29039;2586627;4;45
r;72091622;29039;2935005;4;45
r;75364677;29039;3093591;4;46
r;75364676;29039;3093590;4;54
r;345507;29039;161698;4;55
r;12090221;29039;212235;4;60
r;72420797;29039;2946892;4;65
r;7271;29039;146881;4;100
r;7272;29039;146885;4;216
r;1395560;29039;171870;4;347