
e;303387;'couvre';777;50
e;3093590;'VerbalMode:Indicatif';4;0
e;14270798;'VerbalMode:Impératif';4;0
e;14270847;'Ver:ImPre+SG+P2';4;0
e;3093591;'VerbalMode:Subjonctif';4;0
e;14270944;'VerbalPers:P3';4;0
e;14270943;'VerbalPers:P2';4;0
e;14270942;'VerbalPers:P1';4;0
e;14270945;'VerbalNumber:SG';4;0
e;150120;'Ver:SPre+SG+P3';4;50
e;150119;'Ver:SPre+SG+P1';4;50
e;150118;'Ver:IPre+SG+P3';4;50
e;150117;'Ver:IPre+SG+P1';4;50
e;171870;'Nom:';4;50
e;2935005;'VerbalTime:Present';4;0
e;2946892;'Ver:Conjug';4;0
e;161698;'Ver:IPre+SG+P1:IPre+SG+P3:SPre+SG+P1:SPre+SG+P3:ImPre+SG+P2';4;50
e;212235;'Ver:';4;50
r;361877836;303387;3093590;4;25
r;361880765;303387;14270798;4;25
r;363204947;303387;14270847;4;25
r;363195583;303387;3093591;4;25
r;363026005;303387;14270944;4;25
r;363016998;303387;14270943;4;25
r;363008068;303387;14270942;4;25
r;362999214;303387;14270945;4;25
r;362990223;303387;150120;4;25
r;362981099;303387;150119;4;25
r;362972096;303387;150118;4;25
r;362963196;303387;150117;4;25
r;7782760;303387;171870;4;27
r;72093885;303387;2935005;4;45
r;72423199;303387;2946892;4;45
r;12090339;303387;161698;4;56
r;12090340;303387;212235;4;57