
e;119824;'couvrir';1;692
e;248197;'_SEX_YES';36;50
e;317329;'_POLIT_7NOPOL';36;50
e;254878;'_POL-NEG_PC';36;50
e;317326;'_POLIT_5UMP';36;50
e;248198;'_SEX_NO';36;50
e;276096;'_INFO-WIKI-YES';36;50
e;214534;'_INFO-MEANING-FIGURED';36;50
e;191741;'_INFO-VOC-COMMON';36;50
e;223172;'_POL-NEG';36;50
e;438949;'_INFO-POLYMORPHIC';36;50
e;254876;'_POL-POS_PC';36;50
e;254877;'_POL-NEUTRE_PC';36;50
e;2585996;'_INFO-CNRTL-YES';36;50
e;217817;'_INFO-POLYSEMIC';36;50
e;223173;'_POL-POS';36;50
e;241794;'_POL-NEUTRE';36;50
r;28903618;119824;248197;36;-25
r;9198576;119824;317329;36;0
r;26722431;119824;254878;36;6
r;11812908;119824;317326;36;16
r;2490851;119824;248198;36;17
r;425900517;119824;276096;36;25
r;52557627;119824;214534;36;40
r;738422;119824;191741;36;43
r;26425351;119824;223172;36;43
r;16021873;119824;438949;36;44
r;2329540;119824;254876;36;46
r;2329541;119824;254877;36;48
r;54737791;119824;2585996;36;55
r;2474929;119824;217817;36;59
r;2028749;119824;223173;36;327
r;2030909;119824;241794;36;340