
e;138419;'côté';1;300
e;161702;'Ver:PPas';4;50
e;146888;'Adj:Mas+SG';4;50
e;161699;'Ver:PPas+Mas+SG';4;50
e;212235;'Ver:';4;50
e;171869;'Adj:';4;50
e;2586627;'Gender:Mas';4;0
e;2586629;'Number:Sing';4;0
e;146911;'Pre:';4;50
e;146889;'Adv:';4;50
e;146885;'Nom:Mas+SG';4;50
e;171870;'Nom:';4;50
r;92902536;138419;161702;4;30
r;105177815;138419;146888;4;34
r;92902537;138419;161699;4;36
r;92902538;138419;212235;4;38
r;92902535;138419;171869;4;40
r;54130172;138419;2586627;4;45
r;54168768;138419;2586629;4;45
r;7165;138419;146911;4;51
r;1395425;138419;146889;4;57
r;7164;138419;146885;4;59
r;1395424;138419;171870;4;73