
e;92212;'d';1;2162
e;146887;'Nom:Mas+PL';4;50
e;146885;'Nom:Mas+SG';4;50
e;171870;'Nom:';4;50
e;2586627;'Gender:Mas';4;0
e;2586637;'Number:Inv';4;0
e;2586630;'Number:Plur';4;0
e;2586629;'Number:Sing';4;0
e;146911;'Pre:';4;50
e;147628;'Det:';4;50
e;146886;'Nom:Mas+InvPL';4;50
r;15818263;92212;146887;4;29
r;15820056;92212;146885;4;29
r;2273118;92212;171870;4;35
r;54084025;92212;2586627;4;45
r;54085887;92212;2586637;4;45
r;54110456;92212;2586630;4;45
r;54193898;92212;2586629;4;45
r;15989;92212;146911;4;53
r;15987;92212;147628;4;57
r;15988;92212;146886;4;59