
e;54097;'demander';1;830
e;254878;'_POL-NEG_PC';36;50
e;317329;'_POLIT_7NOPOL';36;50
e;438949;'_INFO-POLYMORPHIC';36;50
e;254876;'_POL-POS_PC';36;50
e;217817;'_INFO-POLYSEMIC';36;50
e;273221;'_INFO-WIKI-NO';36;50
e;223172;'_POL-NEG';36;50
e;163012;'_INFO-NO-MORE-QUESTION';36;6094
e;2585996;'_INFO-CNRTL-YES';36;50
e;191741;'_INFO-VOC-COMMON';36;50
e;254877;'_POL-NEUTRE_PC';36;50
e;223173;'_POL-POS';36;50
e;241794;'_POL-NEUTRE';36;50
r;27761895;54097;254878;36;6
r;8924147;54097;317329;36;17
r;420357672;54097;438949;36;26
r;2346752;54097;254876;36;37
r;73630798;54097;217817;36;41
r;5185798;54097;273221;36;47
r;26414810;54097;223172;36;49
r;425183;54097;163012;36;52
r;54754052;54097;2585996;36;54
r;738564;54097;191741;36;57
r;2346753;54097;254877;36;57
r;2000134;54097;223173;36;288
r;1995437;54097;241794;36;444