
e;144661;'demandé';1;58
e;146888;'Adj:Mas+SG';4;50
e;161702;'Ver:PPas';4;50
e;2586627;'Gender:Mas';4;0
e;2586629;'Number:Sing';4;0
e;146885;'Nom:Mas+SG';4;50
e;161699;'Ver:PPas+Mas+SG';4;50
e;171870;'Nom:';4;50
e;212235;'Ver:';4;50
e;171869;'Adj:';4;50
r;105173994;144661;146888;4;28
r;2248078;144661;161702;4;43
r;54132875;144661;2586627;4;45
r;54172028;144661;2586629;4;45
r;17070;144661;146885;4;52
r;346036;144661;161699;4;53
r;1945791;144661;171870;4;55
r;12091758;144661;212235;4;60
r;1397050;144661;171869;4;69