
e;144661;'demandé';1;58
e;317329;'_POLIT_7NOPOL';36;50
e;254878;'_POL-NEG_PC';36;50
e;254877;'_POL-NEUTRE_PC';36;50
e;223172;'_POL-NEG';36;50
e;438949;'_INFO-POLYMORPHIC';36;50
e;273221;'_INFO-WIKI-NO';36;50
e;2585996;'_INFO-CNRTL-YES';36;50
e;254876;'_POL-POS_PC';36;50
e;241794;'_POL-NEUTRE';36;50
e;223173;'_POL-POS';36;50
r;94077382;144661;317329;36;1
r;27098114;144661;254878;36;9
r;9335032;144661;254877;36;19
r;26491612;144661;223172;36;42
r;18452117;144661;438949;36;46
r;8040939;144661;273221;36;48
r;55202639;144661;2585996;36;54
r;9335031;144661;254876;36;72
r;9218008;144661;241794;36;93
r;9140256;144661;223173;36;352