
e;5292;'deux';1;2534
e;147151;'Adj:Mas+PL';4;50
e;146888;'Adj:Mas+SG';4;50
e;146887;'Nom:Mas+PL';4;50
e;146885;'Nom:Mas+SG';4;50
e;2586627;'Gender:Mas';4;0
e;2586637;'Number:Inv';4;0
e;2586630;'Number:Plur';4;0
e;2586629;'Number:Sing';4;0
e;146906;'Det:InvGen+PL';4;50
e;146886;'Nom:Mas+InvPL';4;50
e;147628;'Det:';4;50
e;171870;'Nom:';4;50
e;171869;'Adj:';4;50
e;147812;'Adj:Card';4;50
r;373219958;5292;147151;4;27
r;373219069;5292;146888;4;28
r;15818287;5292;146887;4;34
r;15820084;5292;146885;4;35
r;54084055;5292;2586627;4;45
r;54085917;5292;2586637;4;45
r;54110480;5292;2586630;4;45
r;54193925;5292;2586629;4;45
r;18269;5292;146906;4;52
r;18270;5292;146886;4;55
r;12092752;5292;147628;4;55
r;1397630;5292;171870;4;56
r;1397631;5292;171869;4;67
r;72578365;5292;147812;4;211