
e;37280;'différents';1;58
e;254878;'_POL-NEG_PC';36;50
e;254877;'_POL-NEUTRE_PC';36;50
e;251716;'_INFO-MONOSEMIC';36;50
e;276096;'_INFO-WIKI-YES';36;50
e;1912917;'_INFO-COUNTABLE-YES';36;0
e;223172;'_POL-NEG';36;50
e;438949;'_INFO-POLYMORPHIC';36;50
e;2585997;'_INFO-CNRTL-NO';36;50
e;254876;'_POL-POS_PC';36;50
e;241794;'_POL-NEUTRE';36;50
e;223173;'_POL-POS';36;50
r;26745805;37280;254878;36;8
r;9343805;37280;254877;36;24
r;96117457;37280;251716;36;27
r;278308649;37280;276096;36;34
r;30787581;37280;1912917;36;41
r;26500584;37280;223172;36;43
r;18470371;37280;438949;36;47
r;54791099;37280;2585997;36;59
r;9343804;37280;254876;36;68
r;9205661;37280;241794;36;122
r;9145439;37280;223173;36;354