
e;111342;'dire';1;1142
e;254878;'_POL-NEG_PC';36;50
e;317329;'_POLIT_7NOPOL';36;50
e;248198;'_SEX_NO';36;50
e;15991432;'_ANIME-NO';36;50
e;217817;'_INFO-POLYSEMIC';36;50
e;223172;'_POL-NEG';36;50
e;254876;'_POL-POS_PC';36;50
e;276096;'_INFO-WIKI-YES';36;50
e;214534;'_INFO-MEANING-FIGURED';36;50
e;438949;'_INFO-POLYMORPHIC';36;50
e;191741;'_INFO-VOC-COMMON';36;50
e;2585996;'_INFO-CNRTL-YES';36;50
e;254877;'_POL-NEUTRE_PC';36;50
e;223173;'_POL-POS';36;50
e;241794;'_POL-NEUTRE';36;50
r;27451012;111342;254878;36;3
r;9342242;111342;317329;36;16
r;19277065;111342;248198;36;16
r;418063666;111342;15991432;36;25
r;390221987;111342;217817;36;26
r;26503680;111342;223172;36;29
r;2355462;111342;254876;36;33
r;6220588;111342;276096;36;40
r;52534613;111342;214534;36;40
r;26051761;111342;438949;36;51
r;738677;111342;191741;36;52
r;54602485;111342;2585996;36;58
r;2355463;111342;254877;36;64
r;1993477;111342;223173;36;274
r;2001459;111342;241794;36;536