
e;100702;'disponible';1;80
e;146881;'Nom:Fem+SG';4;50
e;146894;'Adj:Fem+SG';4;50
e;146888;'Adj:Mas+SG';4;50
e;2586634;'Gender:Inv';4;0
e;2586627;'Gender:Mas';4;0
e;2586628;'Gender:Fem';4;0
e;2586629;'Number:Sing';4;0
e;146883;'Adj:InvGen+SG';4;50
e;146885;'Nom:Mas+SG';4;50
e;146884;'Nom:InvGen+SG';4;50
e;171869;'Adj:';4;50
e;171870;'Nom:';4;50
r;16071217;100702;146881;4;26
r;16083194;100702;146894;4;26
r;16088614;100702;146888;4;43
r;53937772;100702;2586634;4;45
r;53972323;100702;2586627;4;45
r;53925514;100702;2586628;4;46
r;53943211;100702;2586629;4;46
r;18970;100702;146883;4;51
r;18972;100702;146885;4;57
r;18971;100702;146884;4;58
r;623306;100702;171869;4;60
r;1945888;100702;171870;4;65