
e;100702;'disponible';1;80
e;248197;'_SEX_YES';36;50
e;254877;'_POL-NEUTRE_PC';36;50
e;276096;'_INFO-WIKI-YES';36;50
e;162761;'_INFO-SEM-PERS';36;732
e;191669;'_INFO-SEM-LIVING-BEING';36;160
e;217817;'_INFO-POLYSEMIC';36;50
e;15991431;'_ANIME-YES';36;50
e;15991432;'_ANIME-NO';36;50
e;254878;'_POL-NEG_PC';36;50
e;323621;'_INFO-SEM-EMOTION-RELATED';36;50
e;438949;'_INFO-POLYMORPHIC';36;50
e;254876;'_POL-POS_PC';36;50
e;2585996;'_INFO-CNRTL-YES';36;50
e;241794;'_POL-NEUTRE';36;50
e;223172;'_POL-NEG';36;50
e;223173;'_POL-POS';36;50
r;20611071;100702;248197;36;16
r;27219964;100702;254877;36;23
r;433995546;100702;276096;36;25
r;373077838;100702;162761;36;25
r;373079929;100702;191669;36;25
r;390222749;100702;217817;36;25
r;417283116;100702;15991431;36;25
r;418064533;100702;15991432;36;25
r;9167041;100702;254878;36;29
r;9266833;100702;323621;36;42
r;18554694;100702;438949;36;42
r;9089127;100702;254876;36;51
r;54873313;100702;2585996;36;52
r;26389063;100702;241794;36;80
r;9131440;100702;223172;36;113
r;9089864;100702;223173;36;201