
e;425703;'dispose';1;50
e;14270798;'VerbalMode:Impératif';4;0
e;14270847;'Ver:ImPre+SG+P2';4;0
e;14270944;'VerbalPers:P3';4;0
e;14270943;'VerbalPers:P2';4;0
e;14270942;'VerbalPers:P1';4;0
e;14270945;'VerbalNumber:SG';4;0
e;150120;'Ver:SPre+SG+P3';4;50
e;150119;'Ver:SPre+SG+P1';4;50
e;150118;'Ver:IPre+SG+P3';4;50
e;150117;'Ver:IPre+SG+P1';4;50
e;2935005;'VerbalTime:Present';4;0
e;2946892;'Ver:Conjug';4;0
e;3093591;'VerbalMode:Subjonctif';4;0
e;2586628;'Gender:Fem';4;0
e;2586629;'Number:Sing';4;0
e;3093590;'VerbalMode:Indicatif';4;0
e;146894;'Adj:Fem+SG';4;50
e;161698;'Ver:IPre+SG+P1:IPre+SG+P3:SPre+SG+P1:SPre+SG+P3:ImPre+SG+P2';4;50
e;212235;'Ver:';4;50
e;171869;'Adj:';4;50
r;361881535;425703;14270798;4;25
r;363204178;425703;14270847;4;25
r;363025240;425703;14270944;4;25
r;363016228;425703;14270943;4;25
r;363007298;425703;14270942;4;25
r;362998433;425703;14270945;4;25
r;362989446;425703;150120;4;25
r;362980330;425703;150119;4;25
r;362971330;425703;150118;4;25
r;362962424;425703;150117;4;25
r;72094345;425703;2935005;4;45
r;72423785;425703;2946892;4;45
r;75828144;425703;3093591;4;45
r;53923411;425703;2586628;4;46
r;54209903;425703;2586629;4;46
r;75828143;425703;3093590;4;47
r;14351001;425703;146894;4;51
r;14351004;425703;161698;4;54
r;14351005;425703;212235;4;55
r;14351002;425703;171869;4;61