
e;134647;'dispos';1;54
e;254878;'_POL-NEG_PC';36;50
e;254877;'_POL-NEUTRE_PC';36;50
e;273221;'_INFO-WIKI-NO';36;50
e;251716;'_INFO-MONOSEMIC';36;50
e;323621;'_INFO-SEM-EMOTION-RELATED';36;50
e;223172;'_POL-NEG';36;50
e;2585996;'_INFO-CNRTL-YES';36;50
e;254876;'_POL-POS_PC';36;50
e;241794;'_POL-NEUTRE';36;50
e;223173;'_POL-POS';36;50
r;26906186;134647;254878;36;10
r;9290032;134647;254877;36;16
r;86456694;134647;273221;36;29
r;96201478;134647;251716;36;30
r;9266834;134647;323621;36;42
r;26498910;134647;223172;36;49
r;54735624;134647;2585996;36;54
r;9290031;134647;254876;36;74
r;9216836;134647;241794;36;79
r;9130180;134647;223173;36;358