
e;48733;'dommage';1;160
e;171869;'Adj:';4;50
e;146888;'Adj:Mas+SG';4;50
e;3093590;'VerbalMode:Indicatif';4;0
e;14270798;'VerbalMode:Impératif';4;0
e;14270847;'Ver:ImPre+SG+P2';4;0
e;3093591;'VerbalMode:Subjonctif';4;0
e;14270944;'VerbalPers:P3';4;0
e;14270943;'VerbalPers:P2';4;0
e;14270942;'VerbalPers:P1';4;0
e;14270945;'VerbalNumber:SG';4;0
e;150120;'Ver:SPre+SG+P3';4;50
e;150119;'Ver:SPre+SG+P1';4;50
e;150118;'Ver:IPre+SG+P3';4;50
e;150117;'Ver:IPre+SG+P1';4;50
e;146889;'Adv:';4;50
e;146898;'Int:';4;50
e;212235;'Ver:';4;50
e;161698;'Ver:IPre+SG+P1:IPre+SG+P3:SPre+SG+P1:SPre+SG+P3:ImPre+SG+P2';4;50
e;2946892;'Ver:Conjug';4;0
e;2935005;'VerbalTime:Present';4;0
e;2586627;'Gender:Mas';4;0
e;2586629;'Number:Sing';4;0
e;146885;'Nom:Mas+SG';4;50
e;171870;'Nom:';4;50
r;32581786;48733;171869;4;-57
r;32581787;48733;146888;4;-54
r;361878171;48733;3093590;4;25
r;361886431;48733;14270798;4;25
r;363198806;48733;14270847;4;25
r;363195259;48733;3093591;4;25
r;363020260;48733;14270944;4;25
r;363011302;48733;14270943;4;25
r;363002416;48733;14270942;4;25
r;362993529;48733;14270945;4;25
r;362984349;48733;150120;4;25
r;362975360;48733;150119;4;25
r;362966427;48733;150118;4;25
r;362957487;48733;150117;4;25
r;394445528;48733;146889;4;25
r;395453428;48733;146898;4;25
r;77739581;48733;212235;4;27
r;77739580;48733;161698;4;28
r;77739583;48733;2946892;4;28
r;77739582;48733;2935005;4;35
r;53977755;48733;2586627;4;45
r;53986731;48733;2586629;4;45
r;19301;48733;146885;4;53
r;1398179;48733;171870;4;88