
e;86043;'donc';1;188
e;276096;'_INFO-WIKI-YES';36;50
e;217817;'_INFO-POLYSEMIC';36;50
e;254876;'_POL-POS_PC';36;50
e;191741;'_INFO-VOC-COMMON';36;50
e;254877;'_POL-NEUTRE_PC';36;50
e;2585997;'_INFO-CNRTL-NO';36;50
e;223173;'_POL-POS';36;50
e;241794;'_POL-NEUTRE';36;50
r;433001466;86043;276096;36;25
r;396043828;86043;217817;36;25
r;9284961;86043;254876;36;38
r;738727;86043;191741;36;47
r;9284962;86043;254877;36;62
r;54677148;86043;2585997;36;103
r;9183411;86043;223173;36;362
r;9211200;86043;241794;36;581