
e;43253;'dormir';1;6518
e;254878;'_POL-NEG_PC';36;50
e;317326;'_POLIT_5UMP';36;50
e;317327;'_POLIT_6FN';36;50
e;317324;'_POLIT_3PS';36;50
e;317329;'_POLIT_7NOPOL';36;50
e;248197;'_SEX_YES';36;50
e;276096;'_INFO-WIKI-YES';36;50
e;214534;'_INFO-MEANING-FIGURED';36;50
e;248198;'_SEX_NO';36;50
e;191741;'_INFO-VOC-COMMON';36;50
e;254876;'_POL-POS_PC';36;50
e;217817;'_INFO-POLYSEMIC';36;50
e;254877;'_POL-NEUTRE_PC';36;50
e;2585996;'_INFO-CNRTL-YES';36;50
e;163012;'_INFO-NO-MORE-QUESTION';36;6094
e;223172;'_POL-NEG';36;50
e;223173;'_POL-POS';36;50
e;241794;'_POL-NEUTRE';36;50
r;9113958;43253;254878;36;6
r;8924333;43253;317326;36;16
r;8932529;43253;317327;36;16
r;8920092;43253;317324;36;18
r;8920093;43253;317329;36;22
r;12008058;43253;248197;36;32
r;54264180;43253;276096;36;40
r;52613419;43253;214534;36;40
r;2193104;43253;248198;36;41
r;738731;43253;191741;36;42
r;2327830;43253;254876;36;42
r;27694347;43253;217817;36;49
r;2327831;43253;254877;36;52
r;54260043;43253;2585996;36;55
r;407955;43253;163012;36;60
r;9112413;43253;223172;36;107
r;1993640;43253;223173;36;787
r;2110362;43253;241794;36;983