
e;143934;'double';1;390
e;14270944;'VerbalPers:P3';4;0
e;14270798;'VerbalMode:Impératif';4;0
e;14270847;'Ver:ImPre+SG+P2';4;0
e;14270943;'VerbalPers:P2';4;0
e;14270942;'VerbalPers:P1';4;0
e;14270945;'VerbalNumber:SG';4;0
e;150120;'Ver:SPre+SG+P3';4;50
e;150119;'Ver:SPre+SG+P1';4;50
e;150118;'Ver:IPre+SG+P3';4;50
e;150117;'Ver:IPre+SG+P1';4;50
e;146894;'Adj:Fem+SG';4;50
e;146889;'Adv:';4;50
e;146888;'Adj:Mas+SG';4;50
e;2586634;'Gender:Inv';4;0
e;2586627;'Gender:Mas';4;0
e;2935005;'VerbalTime:Present';4;0
e;2946892;'Ver:Conjug';4;0
e;3093591;'VerbalMode:Subjonctif';4;0
e;2586628;'Gender:Fem';4;0
e;2586629;'Number:Sing';4;0
e;3093590;'VerbalMode:Indicatif';4;0
e;146885;'Nom:Mas+SG';4;50
e;212235;'Ver:';4;50
e;146883;'Adj:InvGen+SG';4;50
e;161698;'Ver:IPre+SG+P1:IPre+SG+P3:SPre+SG+P1:SPre+SG+P3:ImPre+SG+P2';4;50
e;171870;'Nom:';4;50
e;171869;'Adj:';4;50
r;363026285;143934;14270944;4;25
r;361880485;143934;14270798;4;25
r;363205227;143934;14270847;4;25
r;363017278;143934;14270943;4;25
r;363008343;143934;14270942;4;25
r;362999489;143934;14270945;4;25
r;362990519;143934;150120;4;25
r;362981381;143934;150119;4;25
r;362972378;143934;150118;4;25
r;362963476;143934;150117;4;25
r;16083237;143934;146894;4;30
r;1057236;143934;146889;4;32
r;16088657;143934;146888;4;35
r;53937815;143934;2586634;4;45
r;53972366;143934;2586627;4;45
r;72091821;143934;2935005;4;45
r;72421003;143934;2946892;4;45
r;76175587;143934;3093591;4;45
r;53925557;143934;2586628;4;46
r;53943254;143934;2586629;4;47
r;76175586;143934;3093590;4;49
r;19406;143934;146885;4;53
r;12093367;143934;212235;4;56
r;19404;143934;146883;4;57
r;346604;143934;161698;4;57
r;541004;143934;171870;4;90
r;544389;143934;171869;4;106