
e;143934;'double';1;390
e;254878;'_POL-NEG_PC';36;50
e;254876;'_POL-POS_PC';36;50
e;162761;'_INFO-SEM-PERS';36;732
e;248197;'_SEX_YES';36;50
e;248198;'_SEX_NO';36;50
e;317329;'_POLIT_7NOPOL';36;50
e;191669;'_INFO-SEM-LIVING-BEING';36;160
e;276096;'_INFO-WIKI-YES';36;50
e;15991432;'_ANIME-NO';36;50
e;214534;'_INFO-MEANING-FIGURED';36;50
e;438949;'_INFO-POLYMORPHIC';36;50
e;191741;'_INFO-VOC-COMMON';36;50
e;2585996;'_INFO-CNRTL-YES';36;50
e;217817;'_INFO-POLYSEMIC';36;50
e;254877;'_POL-NEUTRE_PC';36;50
e;223172;'_POL-NEG';36;50
e;223173;'_POL-POS';36;50
e;241794;'_POL-NEUTRE';36;50
r;2571957;143934;254878;36;6
r;9149345;143934;254876;36;10
r;96663580;143934;162761;36;15
r;2190624;143934;248197;36;18
r;2189957;143934;248198;36;19
r;8920174;143934;317329;36;21
r;96663605;143934;191669;36;21
r;425001418;143934;276096;36;25
r;418067525;143934;15991432;36;25
r;52636226;143934;214534;36;40
r;18645247;143934;438949;36;42
r;738737;143934;191741;36;45
r;54603699;143934;2585996;36;55
r;1645820;143934;217817;36;75
r;2341857;143934;254877;36;83
r;2568845;143934;223172;36;105
r;9137816;143934;223173;36;165
r;2029606;143934;241794;36;1349