
e;10561;'douche';1;1398
e;14270798;'VerbalMode:Impératif';4;0
e;14270847;'Ver:ImPre+SG+P2';4;0
e;14270944;'VerbalPers:P3';4;0
e;14270943;'VerbalPers:P2';4;0
e;14270942;'VerbalPers:P1';4;0
e;14270945;'VerbalNumber:SG';4;0
e;150120;'Ver:SPre+SG+P3';4;50
e;150119;'Ver:SPre+SG+P1';4;50
e;150118;'Ver:IPre+SG+P3';4;50
e;150117;'Ver:IPre+SG+P1';4;50
e;2586628;'Gender:Fem';4;0
e;2586629;'Number:Sing';4;0
e;2935005;'VerbalTime:Present';4;0
e;2946892;'Ver:Conjug';4;0
e;3093591;'VerbalMode:Subjonctif';4;0
e;3093590;'VerbalMode:Indicatif';4;0
e;212235;'Ver:';4;50
e;146881;'Nom:Fem+SG';4;50
e;161698;'Ver:IPre+SG+P1:IPre+SG+P3:SPre+SG+P1:SPre+SG+P3:ImPre+SG+P2';4;50
e;171870;'Nom:';4;50
r;361880882;10561;14270798;4;25
r;363204830;10561;14270847;4;25
r;363025888;10561;14270944;4;25
r;363016881;10561;14270943;4;25
r;363007951;10561;14270942;4;25
r;362999089;10561;14270945;4;25
r;362990107;10561;150120;4;25
r;362980982;10561;150119;4;25
r;362971980;10561;150118;4;25
r;362963076;10561;150117;4;25
r;54023371;10561;2586628;4;45
r;54053648;10561;2586629;4;45
r;72091822;10561;2935005;4;45
r;72421004;10561;2946892;4;45
r;75914671;10561;3093591;4;45
r;75914670;10561;3093590;4;48
r;12093381;10561;212235;4;52
r;19434;10561;146881;4;53
r;346609;10561;161698;4;56
r;1398377;10561;171870;4;90