
e;145381;'du';1;72
e;146882;'Ver:Inf';4;50
e;2586630;'Number:Plur';4;0
e;171869;'Adj:';4;50
e;2586627;'Gender:Mas';4;0
e;2586629;'Number:Sing';4;0
e;146901;'Det:Mas+SG';4;50
e;147628;'Det:';4;50
e;146911;'Pre:';4;50
e;14510621;'Pre:Det:';4;0
r;1398482;145381;146882;4;-52
r;114413767;145381;2586630;4;-28
r;418069269;145381;171869;4;25
r;71818588;145381;2586627;4;45
r;71818601;145381;2586629;4;45
r;19656;145381;146901;4;55
r;12093505;145381;147628;4;88
r;72807095;145381;146911;4;105
r;368471015;145381;14510621;4;135