
e;91525;'débuter';1;228
e;254878;'_POL-NEG_PC';36;50
e;248198;'_SEX_NO';36;50
e;254877;'_POL-NEUTRE_PC';36;50
e;223172;'_POL-NEG';36;50
e;217817;'_INFO-POLYSEMIC';36;50
e;191741;'_INFO-VOC-COMMON';36;50
e;273221;'_INFO-WIKI-NO';36;50
e;2585996;'_INFO-CNRTL-YES';36;50
e;254876;'_POL-POS_PC';36;50
e;241794;'_POL-NEUTRE';36;50
e;223173;'_POL-POS';36;50
r;27262885;91525;254878;36;7
r;3204032;91525;248198;36;18
r;9258071;91525;254877;36;32
r;26408048;91525;223172;36;37
r;30397177;91525;217817;36;40
r;738512;91525;191741;36;41
r;7318192;91525;273221;36;44
r;54607287;91525;2585996;36;59
r;9258070;91525;254876;36;61
r;9211825;91525;241794;36;167
r;9128881;91525;223173;36;320