
e;162283;'décorée';1;74
e;161702;'Ver:PPas';4;50
e;2586628;'Gender:Fem';4;0
e;2586629;'Number:Sing';4;0
e;161700;'Ver:PPas+Fem+SG';4;50
e;146894;'Adj:Fem+SG';4;50
e;146881;'Nom:Fem+SG';4;50
e;171870;'Nom:';4;50
e;212235;'Ver:';4;50
e;171869;'Adj:';4;50
r;12113538;162283;161702;4;30
r;53922269;162283;2586628;4;46
r;54073150;162283;2586629;4;46
r;12091259;162283;161700;4;51
r;12091255;162283;146894;4;55
r;12091256;162283;146881;4;56
r;12091257;162283;171870;4;60
r;12091260;162283;212235;4;60
r;1864410;162283;171869;4;64