
e;72156;'décevant';1;80
e;254877;'_POL-NEUTRE_PC';36;50
e;438949;'_INFO-POLYMORPHIC';36;50
e;251716;'_INFO-MONOSEMIC';36;50
e;241794;'_POL-NEUTRE';36;50
e;273221;'_INFO-WIKI-NO';36;50
e;2585996;'_INFO-CNRTL-YES';36;50
e;254878;'_POL-NEG_PC';36;50
e;223172;'_POL-NEG';36;50
r;9076537;72156;254877;36;7
r;427400055;72156;438949;36;25
r;96197654;72156;251716;36;32
r;9017328;72156;241794;36;37
r;7148790;72156;273221;36;44
r;54851642;72156;2585996;36;54
r;2361395;72156;254878;36;93
r;2030040;72156;223172;36;473