
e;38388;'décoré';1;72
e;2586627;'Gender:Mas';4;0
e;2586629;'Number:Sing';4;0
e;212235;'Ver:';4;50
e;146885;'Nom:Mas+SG';4;50
e;161699;'Ver:PPas+Mas+SG';4;50
e;161702;'Ver:PPas';4;50
e;171870;'Nom:';4;50
e;146888;'Adj:Mas+SG';4;50
e;171869;'Adj:';4;50
r;53965435;38388;2586627;4;45
r;53979900;38388;2586629;4;45
r;12091253;38388;212235;4;52
r;16462;38388;146885;4;55
r;345882;38388;161699;4;59
r;2248014;38388;161702;4;59
r;1396831;38388;171870;4;60
r;16461;38388;146888;4;62
r;1396832;38388;171869;4;77