
e;162283;'décorée';1;74
e;254878;'_POL-NEG_PC';36;50
e;254877;'_POL-NEUTRE_PC';36;50
e;223172;'_POL-NEG';36;50
e;273221;'_INFO-WIKI-NO';36;50
e;438949;'_INFO-POLYMORPHIC';36;50
e;241794;'_POL-NEUTRE';36;50
e;254876;'_POL-POS_PC';36;50
e;223173;'_POL-POS';36;50
r;27871259;162283;254878;36;8
r;27125038;162283;254877;36;15
r;27868554;162283;223172;36;28
r;8136934;162283;273221;36;45
r;16007288;162283;438949;36;48
r;26407575;162283;241794;36;53
r;27125037;162283;254876;36;76
r;18660547;162283;223173;36;261