
e;38388;'décoré';1;72
e;317329;'_POLIT_7NOPOL';36;50
e;223172;'_POL-NEG';36;50
e;254877;'_POL-NEUTRE_PC';36;50
e;248198;'_SEX_NO';36;50
e;317326;'_POLIT_5UMP';36;50
e;317324;'_POLIT_3PS';36;50
e;273221;'_INFO-WIKI-NO';36;50
e;438949;'_INFO-POLYMORPHIC';36;50
e;241794;'_POL-NEUTRE';36;50
e;2585996;'_INFO-CNRTL-YES';36;50
e;254876;'_POL-POS_PC';36;50
e;223173;'_POL-POS';36;50
r;8929450;38388;317329;36;-2
r;91601804;38388;223172;36;1
r;27369030;38388;254877;36;13
r;2478301;38388;248198;36;16
r;8929449;38388;317326;36;16
r;9064021;38388;317324;36;16
r;6884814;38388;273221;36;45
r;18616300;38388;438949;36;52
r;26402714;38388;241794;36;55
r;55256275;38388;2585996;36;60
r;9251906;38388;254876;36;87
r;9235503;38388;223173;36;369