
e;7886;'dégrader';1;128
e;254877;'_POL-NEUTRE_PC';36;50
e;248198;'_SEX_NO';36;50
e;269965;'_INFO-SEM-COLOR-RELATED';36;50
e;273221;'_INFO-WIKI-NO';36;50
e;241794;'_POL-NEUTRE';36;50
e;2585996;'_INFO-CNRTL-YES';36;50
e;217817;'_INFO-POLYSEMIC';36;50
e;254878;'_POL-NEG_PC';36;50
e;223172;'_POL-NEG';36;50
r;27418355;7886;254877;36;10
r;2189935;7886;248198;36;21
r;97361023;7886;269965;36;29
r;4284656;7886;273221;36;48
r;26541408;7886;241794;36;53
r;54743371;7886;2585996;36;55
r;9079158;7886;217817;36;70
r;2358811;7886;254878;36;90
r;2006831;7886;223172;36;476