
e;1773847;'dégrade';1;0
e;14270798;'VerbalMode:Impératif';4;0
e;14270847;'Ver:ImPre+SG+P2';4;0
e;14270944;'VerbalPers:P3';4;0
e;14270943;'VerbalPers:P2';4;0
e;14270942;'VerbalPers:P1';4;0
e;14270945;'VerbalNumber:SG';4;0
e;150120;'Ver:SPre+SG+P3';4;50
e;150119;'Ver:SPre+SG+P1';4;50
e;150118;'Ver:IPre+SG+P3';4;50
e;150117;'Ver:IPre+SG+P1';4;50
e;2935005;'VerbalTime:Present';4;0
e;2946892;'Ver:Conjug';4;0
e;3093591;'VerbalMode:Subjonctif';4;0
e;3093590;'VerbalMode:Indicatif';4;0
e;212235;'Ver:';4;50
e;161698;'Ver:IPre+SG+P1:IPre+SG+P3:SPre+SG+P1:SPre+SG+P3:ImPre+SG+P2';4;50
r;361879926;1773847;14270798;4;25
r;363205788;1773847;14270847;4;25
r;363026855;1773847;14270944;4;25
r;363017860;1773847;14270943;4;25
r;363008903;1773847;14270942;4;25
r;363000042;1773847;14270945;4;25
r;362991079;1773847;150120;4;25
r;362981961;1773847;150119;4;25
r;362972938;1773847;150118;4;25
r;362964037;1773847;150117;4;25
r;72094833;1773847;2935005;4;45
r;72424388;1773847;2946892;4;45
r;75353749;1773847;3093591;4;46
r;75353748;1773847;3093590;4;51
r;29138413;1773847;212235;4;57
r;29138412;1773847;161698;4;58