
e;121940;'dépassé';1;184
e;254877;'_POL-NEUTRE_PC';36;50
e;317324;'_POLIT_3PS';36;50
e;317329;'_POLIT_7NOPOL';36;50
e;317323;'_POLIT_2PG';36;50
e;241794;'_POL-NEUTRE';36;50
e;273221;'_INFO-WIKI-NO';36;50
e;217817;'_INFO-POLYSEMIC';36;50
e;438949;'_INFO-POLYMORPHIC';36;50
e;323621;'_INFO-SEM-EMOTION-RELATED';36;50
e;2585997;'_INFO-CNRTL-NO';36;50
e;254878;'_POL-NEG_PC';36;50
e;223172;'_POL-NEG';36;50
r;2380508;121940;254877;36;8
r;8933372;121940;317324;36;16
r;8933373;121940;317329;36;16
r;25974485;121940;317323;36;16
r;1997674;121940;241794;36;39
r;4970074;121940;273221;36;40
r;30261832;121940;217817;36;40
r;34272173;121940;438949;36;41
r;9267478;121940;323621;36;42
r;54882018;121940;2585997;36;53
r;2380509;121940;254878;36;92
r;2027080;121940;223172;36;462