
e;103112;'désirer';1;680
e;254878;'_POL-NEG_PC';36;50
e;254877;'_POL-NEUTRE_PC';36;50
e;248197;'_SEX_YES';36;50
e;223172;'_POL-NEG';36;50
e;191741;'_INFO-VOC-COMMON';36;50
e;273221;'_INFO-WIKI-NO';36;50
e;163012;'_INFO-NO-MORE-QUESTION';36;6094
e;217817;'_INFO-POLYSEMIC';36;50
e;2585996;'_INFO-CNRTL-YES';36;50
e;254876;'_POL-POS_PC';36;50
e;241794;'_POL-NEUTRE';36;50
e;223173;'_POL-POS';36;50
r;2348285;103112;254878;36;6
r;2348284;103112;254877;36;14
r;2195715;103112;248197;36;32
r;2169571;103112;223172;36;41
r;738620;103112;191741;36;42
r;7414289;103112;273221;36;48
r;435397;103112;163012;36;51
r;10861707;103112;217817;36;55
r;54644365;103112;2585996;36;60
r;2348283;103112;254876;36;80
r;2020959;103112;241794;36;95
r;2021088;103112;223173;36;533