
e;112165;'désagréable';1;420
e;251716;'_INFO-MONOSEMIC';36;50
e;254876;'_POL-POS_PC';36;50
e;317329;'_POLIT_7NOPOL';36;50
e;248198;'_SEX_NO';36;50
e;223173;'_POL-POS';36;50
e;217817;'_INFO-POLYSEMIC';36;50
e;273221;'_INFO-WIKI-NO';36;50
e;191741;'_INFO-VOC-COMMON';36;50
e;2585996;'_INFO-CNRTL-YES';36;50
e;254878;'_POL-NEG_PC';36;50
e;223172;'_POL-NEG';36;50
r;96197231;112165;251716;36;-30
r;2337720;112165;254876;36;2
r;9260534;112165;317329;36;16
r;2189856;112165;248198;36;18
r;1993111;112165;223173;36;22
r;418054327;112165;217817;36;25
r;7495030;112165;273221;36;40
r;738608;112165;191741;36;47
r;54761809;112165;2585996;36;59
r;2337721;112165;254878;36;98
r;1992402;112165;223172;36;1149