
e;93680;'détente';1;780
e;317329;'_POLIT_7NOPOL';36;50
e;254878;'_POL-NEG_PC';36;50
e;248197;'_SEX_YES';36;50
e;248198;'_SEX_NO';36;50
e;317324;'_POLIT_3PS';36;50
e;254877;'_POL-NEUTRE_PC';36;50
e;15991432;'_ANIME-NO';36;50
e;276096;'_INFO-WIKI-YES';36;50
e;223172;'_POL-NEG';36;50
e;214534;'_INFO-MEANING-FIGURED';36;50
e;191672;'_INFO-SEM-ACTION';36;36
e;217817;'_INFO-POLYSEMIC';36;50
e;323621;'_INFO-SEM-EMOTION-RELATED';36;50
e;163274;'_INFO-SEM-THING-ABSTR';36;578
e;2585996;'_INFO-CNRTL-YES';36;50
e;254876;'_POL-POS_PC';36;50
e;241794;'_POL-NEUTRE';36;50
e;223173;'_POL-POS';36;50
r;8922859;93680;317329;36;-2
r;27169696;93680;254878;36;5
r;97133131;93680;248197;36;12
r;8541151;93680;248198;36;16
r;8922858;93680;317324;36;17
r;2335490;93680;254877;36;18
r;417736716;93680;15991432;36;25
r;316217070;93680;276096;36;29
r;26459997;93680;223172;36;32
r;52537085;93680;214534;36;40
r;11952150;93680;191672;36;41
r;1646413;93680;217817;36;42
r;9279297;93680;323621;36;42
r;1637004;93680;163274;36;55
r;54679931;93680;2585996;36;58
r;2335489;93680;254876;36;76
r;2020752;93680;241794;36;109
r;1992811;93680;223173;36;452