
e;144236;'est';1;618
e;2339738;'Conj:Coord';4;0
e;3093590;'VerbalMode:Indicatif';4;0
e;14270944;'VerbalPers:P3';4;0
e;14270945;'VerbalNumber:SG';4;0
e;171869;'Adj:';4;50
e;2586627;'Gender:Mas';4;0
e;2586629;'Number:Sing';4;0
e;146891;'Adj:InvGen+SG:InvGen+PL';4;50
e;2935005;'VerbalTime:Present';4;0
e;146885;'Nom:Mas+SG';4;50
e;2946892;'Ver:Conjug';4;0
e;171870;'Nom:';4;50
e;150118;'Ver:IPre+SG+P3';4;50
e;212235;'Ver:';4;50
r;34307941;144236;2339738;4;-34
r;361911378;144236;3093590;4;25
r;362922124;144236;14270944;4;25
r;362921845;144236;14270945;4;25
r;2132454;144236;171869;4;31
r;54134272;144236;2586627;4;45
r;54173423;144236;2586629;4;45
r;22771;144236;146891;4;55
r;72091997;144236;2935005;4;55
r;22772;144236;146885;4;56
r;72421181;144236;2946892;4;65
r;1400662;144236;171870;4;90
r;347549;144236;150118;4;117
r;1467844;144236;212235;4;322