
e;14211;'eu';1;102
e;254877;'_POL-NEUTRE_PC';36;50
e;248198;'_SEX_NO';36;50
e;273221;'_INFO-WIKI-NO';36;50
e;254876;'_POL-POS_PC';36;50
e;2355199;'_OCC-IGNORE';36;0
e;251716;'_INFO-MONOSEMIC';36;50
e;241794;'_POL-NEUTRE';36;50
e;438949;'_INFO-POLYMORPHIC';36;50
e;254878;'_POL-NEG_PC';36;50
e;223173;'_POL-POS';36;50
e;223172;'_POL-NEG';36;50
e;2585997;'_INFO-CNRTL-NO';36;50
r;26711162;14211;254877;36;14
r;28125131;14211;248198;36;16
r;85819761;14211;273221;36;27
r;26711161;14211;254876;36;29
r;46458714;14211;2355199;36;35
r;96265675;14211;251716;36;35
r;26499258;14211;241794;36;46
r;18542474;14211;438949;36;52
r;9157592;14211;254878;36;57
r;26314566;14211;223173;36;96
r;9130522;14211;223172;36;187
r;54604381;14211;2585997;36;250