
e;14211;'eu';1;102
e;146882;'Ver:Inf';4;50
e;146888;'Adj:Mas+SG';4;50
e;2586627;'Gender:Mas';4;0
e;171870;'Nom:';4;50
e;2586629;'Number:Sing';4;0
e;161699;'Ver:PPas+Mas+SG';4;50
e;212235;'Ver:';4;50
e;161702;'Ver:PPas';4;50
e;171869;'Adj:';4;50
r;12120771;14211;146882;4;-60
r;105174013;14211;146888;4;26
r;105206379;14211;2586627;4;26
r;2366744;14211;171870;4;35
r;105227100;14211;2586629;4;35
r;343390;14211;161699;4;53
r;12085877;14211;212235;4;53
r;343389;14211;161702;4;60
r;1401332;14211;171869;4;68