
e;169476;'excellente';1;106
e;254877;'_POL-NEUTRE_PC';36;50
e;317329;'_POLIT_7NOPOL';36;50
e;254878;'_POL-NEG_PC';36;50
e;273221;'_INFO-WIKI-NO';36;50
e;241794;'_POL-NEUTRE';36;50
e;254876;'_POL-POS_PC';36;50
e;223172;'_POL-NEG';36;50
e;223173;'_POL-POS';36;50
r;26741471;169476;254877;36;9
r;11685955;169476;317329;36;16
r;9286303;169476;254878;36;29
r;216668365;169476;273221;36;33
r;26476927;169476;241794;36;45
r;9286302;169476;254876;36;63
r;9183458;169476;223172;36;148
r;9198058;169476;223173;36;326