
e;18815;'excellent';1;312
e;251716;'_INFO-MONOSEMIC';36;50
e;254878;'_POL-NEG_PC';36;50
e;254877;'_POL-NEUTRE_PC';36;50
e;248198;'_SEX_NO';36;50
e;276096;'_INFO-WIKI-YES';36;50
e;217817;'_INFO-POLYSEMIC';36;50
e;223172;'_POL-NEG';36;50
e;438949;'_INFO-POLYMORPHIC';36;50
e;191741;'_INFO-VOC-COMMON';36;50
e;2585996;'_INFO-CNRTL-YES';36;50
e;241794;'_POL-NEUTRE';36;50
e;254876;'_POL-POS_PC';36;50
e;223173;'_POL-POS';36;50
r;310674956;18815;251716;36;-22
r;27448799;18815;254878;36;7
r;9278504;18815;254877;36;11
r;12030145;18815;248198;36;16
r;112099250;18815;276096;36;32
r;28182280;18815;217817;36;35
r;26412312;18815;223172;36;37
r;23502856;18815;438949;36;46
r;739047;18815;191741;36;49
r;54783020;18815;2585996;36;56
r;9203497;18815;241794;36;61
r;2358419;18815;254876;36;83
r;2005490;18815;223173;36;465