
e;18815;'excellent';1;312
e;171870;'Nom:';4;50
e;14270944;'VerbalPers:P3';4;0
e;14270946;'VerbalNumber:PL';4;0
e;161707;'Ver:SPre+PL+P3';4;50
e;161706;'Ver:IPre+PL+P3';4;50
e;146898;'Int:';4;50
e;2935005;'VerbalTime:Present';4;0
e;3093590;'VerbalMode:Indicatif';4;0
e;3093591;'VerbalMode:Subjonctif';4;0
e;161711;'Ver:IPre+PL+P3:SPre+PL+P3';4;50
e;212235;'Ver:';4;50
e;2946892;'Ver:Conjug';4;0
e;2586627;'Gender:Mas';4;0
e;2586629;'Number:Sing';4;0
e;171869;'Adj:';4;50
e;146888;'Adj:Mas+SG';4;50
r;2365804;18815;171870;4;-29
r;363060009;18815;14270944;4;25
r;363052551;18815;14270946;4;25
r;363044925;18815;161707;4;25
r;363037407;18815;161706;4;25
r;656885;18815;146898;4;27
r;72092029;18815;2935005;4;45
r;75635734;18815;3093590;4;45
r;75635735;18815;3093591;4;45
r;347692;18815;161711;4;57
r;12096066;18815;212235;4;60
r;72421212;18815;2946892;4;65
r;53966329;18815;2586627;4;75
r;53980794;18815;2586629;4;76
r;521720;18815;171869;4;116
r;23307;18815;146888;4;245