
e;57051;'excursion';1;86
e;55077;'chemin';1;1458
e;352703;'excursion pédestre';1;50
e;352701;'excursion diaphragmatique';1;50
e;352702;'excursion scientifique';1;50
e;182372;'excursion de puissance';1;50
e;129277;'passe-temps';1;200
e;130808;'course';1;2333
e;8;'traversée';1;160
e;45705;'marche';1;1006
e;99;'expédition';1;148
e;43426;'partie de campagne';1;64
e;51233;'irruption';1;64
e;14034;'ascension';1;100
e;125661;'épisode';1;98
e;57180;'pérégrination';1;52
e;127828;'équipée';1;60
e;131314;'tournée';1;170
e;123749;'périple';1;88
e;35213;'virée';1;66
e;20423;'vadrouille';1;50
e;32674;'incursion';1;78
e;250042;'disgression';1;50
e;132860;'digression';1;86
e;141017;'Excursion';1;50
e;64163;'navigation';1;528
e;393166;'Partie de campagne';1;50
e;19704;'voyages';1;130
e;131544;'parenthèse';1;168
e;54334;'divagation';1;52
e;130358;'alpinisme';1;236
e;10564;'déplacement';1;694
e;7264;'croisière';1;224
e;13061;'pèlerinage';1;88
e;146789;'CAF';1;78
e;239196;'sortie scolaire';1;82
e;10879;'tour';1;1768
e;92547;'excursionner';1;50
e;78345;'sortie';1;658
e;89391;'circuit';1;472
e;352700;'excursion automobile';1;50
e;143813;'perambulation';1;50
e;143529;'voyage';1;2434
e;30343;'visite';1;382
e;83053;'touriste';1;620
e;143607;'nature';1;1658
e;16964;'marcher';1;2528
e;69182;'partir';1;1614
e;146632;'forêt';1;4340
e;118103;'ballade';1;94
e;48697;'balade';1;188
e;9575;'tourisme';1;1208
e;50472;'promenade';1;514
e;96615;'randonnée';1;694
e;12831;'montagne';1;3968
e;26851;'fructueux';1;92
e;148587;'icefield';1;50
e;137784;'Tamise';1;84
e;25405;'voyager';1;1614
e;5808547;'Une grande excursion';777;0
e;15266761;'emmener qn en excursion';1;0
e;15747907;'emmener quelqu'un en excursion';1;0
e;213303;'Safari';666;50
e;15444035;'gendarme allongé';1;0
e;163752;'pélerinage';1;50
e;425774;'excursions';1;50
e;247531;'voyage scolaire';1;40
e;2196291;'excursionne';2;0
e;255903;'sortie d'école';1;50
e;26136;'pérambulation';1;50
e;14566515;'étape gastronomique';1;0
e;91202;'à destination de';1;50
e;254767;'tourisme de masse';1;12
e;15304119;'crête monoclinale symétrique';1;0
e;15304120;'crêt monoclinal';1;0
e;3705317;'emmener les enfants';1;2
e;3706202;'accompagner ses enfants lors d'une sortie scolaire';1;0
e;137141;'dos-d'âne';1;62
e;182590;'gendarme couché';1;6
e;350642;'en excursion';1;52
e;346737;'de l'excursion';1;50
e;360471;'jumelles d'excursion';1;50
e;139056;'Méditation à l'occasion d'une excursion au mont de la Petite Ville de pierres';1;50
e;153486;'dos d'âne';1;132
r;9346341;57051;55077;0;2
r;34783126;57051;2352603;0;4
r;429375813;57051;15355191;0;5
r;33609371;57051;352703;0;7
r;33609435;57051;352701;0;7
r;33609541;57051;352702;0;7
r;31086619;57051;182372;0;13
r;1440171;57051;129277;0;15
r;858768;57051;130808;0;21
r;858778;57051;8;0;21
r;12242824;57051;45705;0;21
r;12242825;57051;99;0;21
r;54803421;57051;43426;0;21
r;54803423;57051;51233;0;21
r;858770;57051;14034;0;22
r;335792388;57051;596992;0;22
r;390942488;57051;14937259;0;22
r;858766;57051;125661;0;23
r;858777;57051;57180;0;23
r;14183326;57051;127828;0;23
r;54803416;57051;131314;0;23
r;858776;57051;123749;0;24
r;312388297;57051;440118;0;24
r;311575250;57051;596074;0;25
r;415675198;57051;14957904;0;25
r;415675210;57051;15353994;0;25
r;858763;57051;35213;0;26
r;858772;57051;20423;0;26
r;54803418;57051;32674;0;26
r;62038042;57051;250042;0;26
r;858764;57051;132860;0;27
r;14485919;57051;141017;0;27
r;858779;57051;64163;0;28
r;85513590;57051;393166;0;28
r;85923001;57051;19704;0;29
r;858765;57051;131544;0;30
r;858767;57051;54334;0;30
r;858771;57051;130358;0;30
r;858773;57051;10564;0;30
r;858775;57051;7264;0;30
r;858780;57051;13061;0;30
r;10631830;57051;146789;0;30
r;10603411;57051;239196;0;30
r;54803426;57051;10879;0;30
r;11979883;57051;92547;0;32
r;858762;57051;78345;0;35
r;858774;57051;89391;0;35
r;14181504;57051;352700;0;35
r;54803419;57051;143813;0;35
r;1302364;57051;143529;0;40
r;2513053;57051;30343;0;51
r;8904567;57051;83053;0;51
r;14379803;57051;143607;0;51
r;14379804;57051;16964;0;51
r;14379805;57051;69182;0;51
r;14379806;57051;146632;0;51
r;2168420;57051;118103;0;60
r;2257828;57051;48697;0;71
r;2509312;57051;9575;0;90
r;2257827;57051;50472;0;91
r;2104645;57051;96615;0;94
r;2168421;57051;12831;0;120
r;24048645;57051;239128;0;1000000
r;423831935;26851;57051;0;1
r;428826955;148587;57051;0;1
r;429037174;137784;57051;0;1
r;421477852;25405;57051;0;2
r;113284655;5808547;57051;0;5
r;419835007;15266761;57051;0;5
r;419835039;15747907;57051;0;5
r;428977770;213303;57051;0;6
r;398283060;15197749;57051;0;10
r;403886517;14953370;57051;0;10
r;416752992;15444035;57051;0;10
r;430919707;7333028;57051;0;10
r;1048472;125661;57051;0;21
r;12247430;45705;57051;0;21
r;12305855;96615;57051;0;21
r;310984997;440118;57051;0;21
r;309812516;596992;57051;0;22
r;766299;14034;57051;0;23
r;840552;10564;57051;0;23
r;54703557;10879;57051;0;23
r;85646069;19704;57051;0;23
r;951517;131544;57051;0;24
r;1032812;20423;57051;0;24
r;59523443;51233;57051;0;24
r;390942490;14937259;57051;0;24
r;415675197;14957904;57051;0;25
r;415675209;15353994;57051;0;25
r;755476;130358;57051;0;26
r;818198;130808;57051;0;26
r;12265769;99;57051;0;26
r;14485918;141017;57051;0;26
r;976163;13061;57051;0;27
r;977214;57180;57051;0;27
r;61043921;163752;57051;0;27
r;87495068;425774;57051;0;27
r;310067692;596074;57051;0;27
r;820416;7264;57051;0;28
r;1037127;35213;57051;0;28
r;2283396;247531;57051;0;28
r;12300526;143529;57051;0;28
r;15264797;9575;57051;0;28
r;21163382;129277;57051;0;28
r;59251672;143813;57051;0;28
r;826342;132860;57051;0;29
r;939302;64163;57051;0;29
r;1027400;8;57051;0;29
r;8838995;30343;57051;0;29
r;54814909;32674;57051;0;29
r;61041984;250042;57051;0;29
r;77595467;3224000;57051;0;29
r;84946510;393166;57051;0;29
r;800406;89391;57051;0;30
r;12305853;48697;57051;0;30
r;13064035;127828;57051;0;30
r;59642449;131314;57051;0;30
r;81978120;2196291;57051;0;30
r;97661953;255903;57051;0;30
r;288978813;453182;57051;0;30
r;426377311;16182088;57051;0;30
r;829894;54334;57051;0;32
r;1009255;78345;57051;0;35
r;34753992;2352603;57051;0;35
r;977074;123749;57051;0;38
r;11979882;92547;57051;0;38
r;88956551;26136;57051;0;38
r;398282993;15197748;57051;0;50
r;401872625;15355191;57051;0;50
r;59251673;43426;57051;0;51
r;374423060;14566515;57051;0;51
r;2573276;50472;57051;0;57
r;369485242;91202;57051;0;61
r;400318095;15209528;57051;0;65
r;9150262;254767;57051;0;69
r;398015983;15304119;57051;0;70
r;398016050;15304120;57051;0;70
r;98460536;3705317;57051;0;78
r;125977778;3706202;57051;0;86
r;14040423;137141;57051;0;91
r;2042300;239196;57051;0;94
r;412846898;182590;57051;0;101
r;12692458;352703;57051;0;102
r;12700744;350642;57051;0;103
r;12692466;352701;57051;0;106
r;12716538;346737;57051;0;107
r;12660840;360471;57051;0;109
r;12692462;352702;57051;0;109
r;12692470;352700;57051;0;110
r;396343867;15141705;57051;0;140
r;9425310;139056;57051;0;145
r;9451081;182372;57051;0;146
r;396343934;15197744;57051;0;150
r;395931975;15220849;57051;0;165
r;395931909;15197747;57051;0;175
r;14036630;153486;57051;0;191
r;395782376;13279346;57051;0;195