
e;109550;'exorbitant';1;64
e;254877;'_POL-NEUTRE_PC';36;50
e;217817;'_INFO-POLYSEMIC';36;50
e;438949;'_INFO-POLYMORPHIC';36;50
e;273221;'_INFO-WIKI-NO';36;50
e;241794;'_POL-NEUTRE';36;50
e;2585996;'_INFO-CNRTL-YES';36;50
e;254878;'_POL-NEG_PC';36;50
e;223172;'_POL-NEG';36;50
r;27160753;109550;254877;36;8
r;390256274;109550;217817;36;25
r;427402752;109550;438949;36;25
r;91534182;109550;273221;36;27
r;26417849;109550;241794;36;45
r;54876620;109550;2585996;36;54
r;2355605;109550;254878;36;92
r;2029485;109550;223172;36;495