
e;27530;'extraordinaire';1;438
e;254877;'_POL-NEUTRE_PC';36;50
e;248197;'_SEX_YES';36;50
e;248198;'_SEX_NO';36;50
e;217817;'_INFO-POLYSEMIC';36;50
e;254878;'_POL-NEG_PC';36;50
e;191741;'_INFO-VOC-COMMON';36;50
e;241794;'_POL-NEUTRE';36;50
e;438949;'_INFO-POLYMORPHIC';36;50
e;273221;'_INFO-WIKI-NO';36;50
e;2585996;'_INFO-CNRTL-YES';36;50
e;254876;'_POL-POS_PC';36;50
e;223172;'_POL-NEG';36;50
e;223173;'_POL-POS';36;50
r;2326701;27530;254877;36;6
r;2195917;27530;248197;36;16
r;2461771;27530;248198;36;16
r;390258055;27530;217817;36;25
r;27050151;27530;254878;36;35
r;739078;27530;191741;36;45
r;1996259;27530;241794;36;45
r;15997685;27530;438949;36;46
r;28716691;27530;273221;36;49
r;54786903;27530;2585996;36;52
r;2326700;27530;254876;36;59
r;26426609;27530;223172;36;261
r;2000658;27530;223173;36;441