
e;27530;'extraordinaire';1;438
e;146885;'Nom:Mas+SG';4;50
e;171870;'Nom:';4;50
e;146888;'Adj:Mas+SG';4;50
e;146894;'Adj:Fem+SG';4;50
e;2586634;'Gender:Inv';4;0
e;2586627;'Gender:Mas';4;0
e;2586628;'Gender:Fem';4;0
e;2586629;'Number:Sing';4;0
e;146883;'Adj:InvGen+SG';4;50
e;171869;'Adj:';4;50
r;427746957;27530;146885;4;25
r;2365522;27530;171870;4;32
r;16088957;27530;146888;4;34
r;16083537;27530;146894;4;37
r;53938115;27530;2586634;4;45
r;53972666;27530;2586627;4;47
r;53925857;27530;2586628;4;48
r;53943554;27530;2586629;4;49
r;23702;27530;146883;4;59
r;1401680;27530;171869;4;60