
e;76826;'facile';1;562
e;171870;'Nom:';4;50
e;146885;'Nom:Mas+SG';4;50
e;146894;'Adj:Fem+SG';4;50
e;146888;'Adj:Mas+SG';4;50
e;2586634;'Gender:Inv';4;0
e;2586627;'Gender:Mas';4;0
e;2586628;'Gender:Fem';4;0
e;2586629;'Number:Sing';4;0
e;146898;'Int:';4;50
e;146883;'Adj:InvGen+SG';4;50
e;146889;'Adv:';4;50
e;171869;'Adj:';4;50
r;348554007;76826;171870;4;25
r;427746304;76826;146885;4;25
r;16083548;76826;146894;4;26
r;16088968;76826;146888;4;27
r;53938126;76826;2586634;4;45
r;53972677;76826;2586627;4;45
r;53925868;76826;2586628;4;46
r;53943565;76826;2586629;4;47
r;1401722;76826;146898;4;51
r;23874;76826;146883;4;58
r;23875;76826;146889;4;60
r;1401721;76826;171869;4;75