
e;50268;'faible';1;420
e;14270798;'VerbalMode:Impératif';4;0
e;14270847;'Ver:ImPre+SG+P2';4;0
e;14270944;'VerbalPers:P3';4;0
e;14270943;'VerbalPers:P2';4;0
e;14270942;'VerbalPers:P1';4;0
e;14270945;'VerbalNumber:SG';4;0
e;150120;'Ver:SPre+SG+P3';4;50
e;150119;'Ver:SPre+SG+P1';4;50
e;150118;'Ver:IPre+SG+P3';4;50
e;150117;'Ver:IPre+SG+P1';4;50
e;146888;'Adj:Mas+SG';4;50
e;146894;'Adj:Fem+SG';4;50
e;146881;'Nom:Fem+SG';4;50
e;2586634;'Gender:Inv';4;0
e;2586627;'Gender:Mas';4;0
e;161698;'Ver:IPre+SG+P1:IPre+SG+P3:SPre+SG+P1:SPre+SG+P3:ImPre+SG+P2';4;50
e;212235;'Ver:';4;50
e;2935005;'VerbalTime:Present';4;0
e;2946892;'Ver:Conjug';4;0
e;3093591;'VerbalMode:Subjonctif';4;0
e;2586628;'Gender:Fem';4;0
e;2586629;'Number:Sing';4;0
e;3093590;'VerbalMode:Indicatif';4;0
e;146883;'Adj:InvGen+SG';4;50
e;146885;'Nom:Mas+SG';4;50
e;146884;'Nom:InvGen+SG';4;50
e;171870;'Nom:';4;50
e;171869;'Adj:';4;50
r;361882935;50268;14270798;4;25
r;363202778;50268;14270847;4;25
r;363023838;50268;14270944;4;25
r;363014805;50268;14270943;4;25
r;363005901;50268;14270942;4;25
r;362997038;50268;14270945;4;25
r;362988035;50268;150120;4;25
r;362978922;50268;150119;4;25
r;362969932;50268;150118;4;25
r;362961003;50268;150117;4;25
r;16088972;50268;146888;4;32
r;16083552;50268;146894;4;35
r;16071326;50268;146881;4;45
r;53938130;50268;2586634;4;45
r;53972681;50268;2586627;4;45
r;76179131;50268;161698;4;45
r;76179132;50268;212235;4;45
r;76179133;50268;2935005;4;45
r;76179134;50268;2946892;4;45
r;76179136;50268;3093591;4;45
r;53925872;50268;2586628;4;46
r;53943569;50268;2586629;4;47
r;76179135;50268;3093590;4;47
r;23941;50268;146883;4;51
r;23943;50268;146885;4;55
r;23942;50268;146884;4;58
r;1401780;50268;171870;4;62
r;1401779;50268;171869;4;142