
e;50268;'faible';1;420
e;254877;'_POL-NEUTRE_PC';36;50
e;317329;'_POLIT_7NOPOL';36;50
e;248197;'_SEX_YES';36;50
e;276096;'_INFO-WIKI-YES';36;50
e;15991431;'_ANIME-YES';36;50
e;15991432;'_ANIME-NO';36;50
e;248198;'_SEX_NO';36;50
e;241794;'_POL-NEUTRE';36;50
e;214534;'_INFO-MEANING-FIGURED';36;50
e;162761;'_INFO-SEM-PERS';36;732
e;191669;'_INFO-SEM-LIVING-BEING';36;160
e;191741;'_INFO-VOC-COMMON';36;50
e;217817;'_INFO-POLYSEMIC';36;50
e;438949;'_INFO-POLYMORPHIC';36;50
e;2585996;'_INFO-CNRTL-YES';36;50
e;254878;'_POL-NEG_PC';36;50
e;223172;'_POL-NEG';36;50
r;2322800;50268;254877;36;4
r;9095403;50268;317329;36;16
r;2211235;50268;248197;36;22
r;432994172;50268;276096;36;25
r;417381080;50268;15991431;36;25
r;417759060;50268;15991432;36;25
r;2192036;50268;248198;36;32
r;2009765;50268;241794;36;35
r;52532527;50268;214534;36;40
r;56396000;50268;162761;36;40
r;56469207;50268;191669;36;40
r;739096;50268;191741;36;46
r;2465311;50268;217817;36;52
r;21993249;50268;438949;36;52
r;55187671;50268;2585996;36;58
r;2322801;50268;254878;36;96
r;1997741;50268;223172;36;835