
e;114078;'faillir';1;84
e;254877;'_POL-NEUTRE_PC';36;50
e;317329;'_POLIT_7NOPOL';36;50
e;273221;'_INFO-WIKI-NO';36;50
e;214534;'_INFO-MEANING-FIGURED';36;50
e;217817;'_INFO-POLYSEMIC';36;50
e;241794;'_POL-NEUTRE';36;50
e;2585996;'_INFO-CNRTL-YES';36;50
e;254878;'_POL-NEG_PC';36;50
e;223172;'_POL-NEG';36;50
r;26907595;114078;254877;36;10
r;8919307;114078;317329;36;16
r;85386127;114078;273221;36;36
r;52632692;114078;214534;36;40
r;1984483;114078;217817;36;43
r;26479079;114078;241794;36;47
r;54771977;114078;2585996;36;54
r;9136887;114078;254878;36;90
r;9131120;114078;223172;36;432