
e;87528;'faire';1;1646
e;254876;'_POL-POS_PC';36;50
e;254878;'_POL-NEG_PC';36;50
e;317329;'_POLIT_7NOPOL';36;50
e;276096;'_INFO-WIKI-YES';36;50
e;438949;'_INFO-POLYMORPHIC';36;50
e;248197;'_SEX_YES';36;50
e;191672;'_INFO-SEM-ACTION';36;36
e;248198;'_SEX_NO';36;50
e;191741;'_INFO-VOC-COMMON';36;50
e;2585996;'_INFO-CNRTL-YES';36;50
e;2355199;'_OCC-IGNORE';36;0
e;217817;'_INFO-POLYSEMIC';36;50
e;254877;'_POL-NEUTRE_PC';36;50
e;223173;'_POL-POS';36;50
e;223172;'_POL-NEG';36;50
e;241794;'_POL-NEUTRE';36;50
r;2323338;87528;254876;36;2
r;2572924;87528;254878;36;6
r;8923204;87528;317329;36;19
r;405887972;87528;276096;36;25
r;420357684;87528;438949;36;26
r;2192752;87528;248197;36;35
r;11953042;87528;191672;36;41
r;2190009;87528;248198;36;54
r;739100;87528;191741;36;57
r;54669024;87528;2585996;36;59
r;46458716;87528;2355199;36;64
r;1646386;87528;217817;36;68
r;2323339;87528;254877;36;92
r;2008322;87528;223173;36;107
r;2568504;87528;223172;36;265
r;2031950;87528;241794;36;4164