
e;1997176;'faisait';2;0
e;14270944;'VerbalPers:P3';4;0
e;14270945;'VerbalNumber:SG';4;0
e;14271094;'VerbalTime:Imparfait';4;0
e;3093590;'VerbalMode:Indicatif';4;0
e;2935006;'VerbalTime:Past';4;0
e;2946892;'Ver:Conjug';4;0
e;212235;'Ver:';4;50
e;161747;'Ver:IImp+SG+P3';4;50
r;363317911;1997176;14270944;4;25
r;363309650;1997176;14270945;4;25
r;363301389;1997176;14271094;4;25
r;363294712;1997176;3093590;4;25
r;72118529;1997176;2935006;4;45
r;72437473;1997176;2946892;4;45
r;32193161;1997176;212235;4;57
r;32193158;1997176;161747;4;59