
e;399990;'faites';1;50
e;14270798;'VerbalMode:Impératif';4;0
e;14270846;'Ver:ImPre+PL+P2';4;0
e;3093590;'VerbalMode:Indicatif';4;0
e;14270943;'VerbalPers:P2';4;0
e;14270946;'VerbalNumber:PL';4;0
e;161746;'Ver:IPre+PL+P2';4;50
e;2946892;'Ver:Conjug';4;0
e;2935005;'VerbalTime:Present';4;0
e;2586628;'Gender:Fem';4;0
e;2586630;'Number:Plur';4;0
e;161767;'Ver:PPas+Fem+PL:IPre+PL+P2:ImPre+PL+P2';4;50
e;161720;'Ver:IPre+PL+P2:ImPre+PL+P2';4;50
e;149404;'Adj:Fem+PL';4;50
e;171869;'Adj:';4;50
e;212235;'Ver:';4;50
r;363198051;399990;14270798;4;25
r;363197695;399990;14270846;4;25
r;363062462;399990;3093590;4;25
r;362917264;399990;14270943;4;25
r;362917256;399990;14270946;4;25
r;362917248;399990;161746;4;25
r;72423862;399990;2946892;4;29
r;72094416;399990;2935005;4;45
r;53899942;399990;2586628;4;46
r;53910462;399990;2586630;4;46
r;14352757;399990;161767;4;51
r;14352755;399990;161720;4;55
r;14352759;399990;149404;4;59
r;14352760;399990;171869;4;68
r;14352756;399990;212235;4;75