
e;104957;'fait';1;316
e;3093590;'VerbalMode:Indicatif';4;0
e;14270944;'VerbalPers:P3';4;0
e;14270945;'VerbalNumber:SG';4;0
e;150118;'Ver:IPre+SG+P3';4;50
e;161702;'Ver:PPas';4;50
e;161699;'Ver:PPas+Mas+SG';4;50
e;212235;'Ver:';4;50
e;2586627;'Gender:Mas';4;0
e;2586629;'Number:Sing';4;0
e;2935005;'VerbalTime:Present';4;0
e;146885;'Nom:Mas+SG';4;50
e;146888;'Adj:Mas+SG';4;50
e;161708;'Ver:PPas+Mas+SG:IPre+SG+P3';4;50
e;171869;'Adj:';4;50
e;171870;'Nom:';4;50
e;2946892;'Ver:Conjug';4;0
r;362921683;104957;3093590;4;25
r;362915171;104957;14270944;4;25
r;362915100;104957;14270945;4;25
r;362915030;104957;150118;4;25
r;77359273;104957;161702;4;30
r;97424034;104957;161699;4;30
r;1467846;104957;212235;4;35
r;53966432;104957;2586627;4;45
r;53980897;104957;2586629;4;45
r;72092050;104957;2935005;4;45
r;23994;104957;146885;4;51
r;23993;104957;146888;4;56
r;347821;104957;161708;4;56
r;1402434;104957;171869;4;68
r;1402433;104957;171870;4;70
r;72834117;104957;2946892;4;80