
e;104957;'fait';1;316
e;254878;'_POL-NEG_PC';36;50
e;276096;'_INFO-WIKI-YES';36;50
e;15991432;'_ANIME-NO';36;50
e;317329;'_POLIT_7NOPOL';36;50
e;248198;'_SEX_NO';36;50
e;254876;'_POL-POS_PC';36;50
e;2355199;'_OCC-IGNORE';36;0
e;191672;'_INFO-SEM-ACTION';36;36
e;217817;'_INFO-POLYSEMIC';36;50
e;223172;'_POL-NEG';36;50
e;438949;'_INFO-POLYMORPHIC';36;50
e;2585997;'_INFO-CNRTL-NO';36;50
e;191741;'_INFO-VOC-COMMON';36;50
e;254877;'_POL-NEUTRE_PC';36;50
e;223173;'_POL-POS';36;50
e;241794;'_POL-NEUTRE';36;50
r;9108502;104957;254878;36;5
r;433841622;104957;276096;36;25
r;418099978;104957;15991432;36;25
r;8928560;104957;317329;36;26
r;2320962;104957;248198;36;28
r;2353888;104957;254876;36;28
r;46458720;104957;2355199;36;35
r;11953043;104957;191672;36;41
r;9107707;104957;217817;36;45
r;9108357;104957;223172;36;48
r;18896535;104957;438949;36;49
r;54875013;104957;2585997;36;52
r;739102;104957;191741;36;55
r;2353889;104957;254877;36;66
r;2021378;104957;223173;36;248
r;2006623;104957;241794;36;577