
e;155908;'fenêtres';1;94
e;14270943;'VerbalPers:P2';4;0
e;14270945;'VerbalNumber:SG';4;0
e;161718;'Ver:SPre+SG+P2';4;50
e;161717;'Ver:IPre+SG+P2';4;50
e;2586628;'Gender:Fem';4;0
e;2586630;'Number:Plur';4;0
e;2935005;'VerbalTime:Present';4;0
e;2946892;'Ver:Conjug';4;0
e;3093590;'VerbalMode:Indicatif';4;0
e;3093591;'VerbalMode:Subjonctif';4;0
e;146893;'Nom:Fem+PL';4;50
e;161710;'Ver:IPre+SG+P2:SPre+SG+P2';4;50
e;212235;'Ver:';4;50
e;171870;'Nom:';4;50
r;362952921;155908;14270943;4;25
r;362944523;155908;14270945;4;25
r;362936040;155908;161718;4;25
r;362927572;155908;161717;4;25
r;53987923;155908;2586628;4;45
r;54004012;155908;2586630;4;45
r;72092073;155908;2935005;4;45
r;72421262;155908;2946892;4;45
r;75719216;155908;3093590;4;45
r;75719217;155908;3093591;4;45
r;347921;155908;146893;4;53
r;347922;155908;161710;4;53
r;12096570;155908;212235;4;60
r;2272602;155908;171870;4;61