
e;141906;'fenêtre';1;2404
e;14270798;'VerbalMode:Impératif';4;0
e;14270847;'Ver:ImPre+SG+P2';4;0
e;14270944;'VerbalPers:P3';4;0
e;14270943;'VerbalPers:P2';4;0
e;14270942;'VerbalPers:P1';4;0
e;14270945;'VerbalNumber:SG';4;0
e;150120;'Ver:SPre+SG+P3';4;50
e;150119;'Ver:SPre+SG+P1';4;50
e;150118;'Ver:IPre+SG+P3';4;50
e;150117;'Ver:IPre+SG+P1';4;50
e;2586628;'Gender:Fem';4;0
e;2586629;'Number:Sing';4;0
e;2935005;'VerbalTime:Present';4;0
e;2946892;'Ver:Conjug';4;0
e;3093591;'VerbalMode:Subjonctif';4;0
e;3093590;'VerbalMode:Indicatif';4;0
e;212235;'Ver:';4;50
e;161698;'Ver:IPre+SG+P1:IPre+SG+P3:SPre+SG+P1:SPre+SG+P3:ImPre+SG+P2';4;50
e;146881;'Nom:Fem+SG';4;50
e;171870;'Nom:';4;50
r;361881681;141906;14270798;4;25
r;363204032;141906;14270847;4;25
r;363025093;141906;14270944;4;25
r;363016075;141906;14270943;4;25
r;363007151;141906;14270942;4;25
r;362998288;141906;14270945;4;25
r;362989291;141906;150120;4;25
r;362980184;141906;150119;4;25
r;362971185;141906;150118;4;25
r;362962276;141906;150117;4;25
r;54024336;141906;2586628;4;45
r;54054649;141906;2586629;4;45
r;72092072;141906;2935005;4;45
r;72421261;141906;2946892;4;45
r;75719215;141906;3093591;4;45
r;75719214;141906;3093590;4;50
r;12096567;141906;212235;4;53
r;347919;141906;161698;4;54
r;24396;141906;146881;4;56
r;1402706;141906;171870;4;114