
e;144569;'fermé';1;524
e;251716;'_INFO-MONOSEMIC';36;50
e;317329;'_POLIT_7NOPOL';36;50
e;254876;'_POL-POS_PC';36;50
e;317325;'_POLIT_4MD';36;50
e;317326;'_POLIT_5UMP';36;50
e;248198;'_SEX_NO';36;50
e;276096;'_INFO-WIKI-YES';36;50
e;217817;'_INFO-POLYSEMIC';36;50
e;15991432;'_ANIME-NO';36;50
e;254877;'_POL-NEUTRE_PC';36;50
e;254878;'_POL-NEG_PC';36;50
e;438949;'_INFO-POLYMORPHIC';36;50
e;2585996;'_INFO-CNRTL-YES';36;50
e;223173;'_POL-POS';36;50
e;241794;'_POL-NEUTRE';36;50
e;223172;'_POL-NEG';36;50
r;310674807;144569;251716;36;-25
r;9011526;144569;317329;36;-1
r;26965680;144569;254876;36;15
r;9011525;144569;317325;36;16
r;14053621;144569;317326;36;16
r;2193966;144569;248198;36;17
r;433853506;144569;276096;36;25
r;396066466;144569;217817;36;25
r;417870301;144569;15991432;36;25
r;2341744;144569;254877;36;40
r;2341745;144569;254878;36;45
r;19254623;144569;438949;36;48
r;55237838;144569;2585996;36;52
r;26336754;144569;223173;36;82
r;2030869;144569;241794;36;223
r;1996943;144569;223172;36;247