
e;144569;'fermé';1;524
e;161702;'Ver:PPas';4;50
e;2586627;'Gender:Mas';4;0
e;2586629;'Number:Sing';4;0
e;171870;'Nom:';4;50
e;212235;'Ver:';4;50
e;146888;'Adj:Mas+SG';4;50
e;161699;'Ver:PPas+Mas+SG';4;50
e;146885;'Nom:Mas+SG';4;50
e;171869;'Adj:';4;50
r;2248657;144569;161702;4;42
r;53966489;144569;2586627;4;45
r;53980954;144569;2586629;4;45
r;1946121;144569;171870;4;55
r;12096583;144569;212235;4;58
r;24427;144569;146888;4;59
r;347929;144569;161699;4;59
r;24430;144569;146885;4;60
r;558930;144569;171869;4;63