
e;38021;'fois';1;96
e;146889;'Adv:';4;50
e;2586627;'Gender:Mas';4;0
e;146881;'Nom:Fem+SG';4;50
e;2586628;'Gender:Fem';4;0
e;2586637;'Number:Inv';4;0
e;2586630;'Number:Plur';4;0
e;2586629;'Number:Sing';4;0
e;146895;'Nom:Fem+InvPL';4;50
e;146893;'Nom:Fem+PL';4;50
e;171870;'Nom:';4;50
r;1403321;38021;146889;4;-60
r;418107545;38021;2586627;4;25
r;15817808;38021;146881;4;28
r;53987121;38021;2586628;4;45
r;53987203;38021;2586637;4;45
r;54004024;38021;2586630;4;45
r;54073820;38021;2586629;4;45
r;25210;38021;146895;4;57
r;348130;38021;146893;4;57
r;527209;38021;171870;4;99