
e;407541;'fonctionne';1;50
e;14270798;'VerbalMode:Impératif';4;0
e;14270847;'Ver:ImPre+SG+P2';4;0
e;14270944;'VerbalPers:P3';4;0
e;14270943;'VerbalPers:P2';4;0
e;14270942;'VerbalPers:P1';4;0
e;14270945;'VerbalNumber:SG';4;0
e;150120;'Ver:SPre+SG+P3';4;50
e;150119;'Ver:SPre+SG+P1';4;50
e;150118;'Ver:IPre+SG+P3';4;50
e;150117;'Ver:IPre+SG+P1';4;50
e;3093590;'VerbalMode:Indicatif';4;0
e;3093591;'VerbalMode:Subjonctif';4;0
e;2935005;'VerbalTime:Present';4;0
e;2946892;'Ver:Conjug';4;0
e;161698;'Ver:IPre+SG+P1:IPre+SG+P3:SPre+SG+P1:SPre+SG+P3:ImPre+SG+P2';4;50
e;212235;'Ver:';4;50
r;361880745;407541;14270798;4;25
r;363204967;407541;14270847;4;25
r;363026026;407541;14270944;4;25
r;363017018;407541;14270943;4;25
r;363008088;407541;14270942;4;25
r;362999234;407541;14270945;4;25
r;362990243;407541;150120;4;25
r;362981119;407541;150119;4;25
r;362972116;407541;150118;4;25
r;362963216;407541;150117;4;25
r;102027678;407541;3093590;4;32
r;102027677;407541;3093591;4;34
r;72094437;407541;2935005;4;45
r;72423889;407541;2946892;4;45
r;14353323;407541;161698;4;56
r;14353324;407541;212235;4;57