
e;126554;'fonctionner';1;128
e;254878;'_POL-NEG_PC';36;50
e;254877;'_POL-NEUTRE_PC';36;50
e;251716;'_INFO-MONOSEMIC';36;50
e;273221;'_INFO-WIKI-NO';36;50
e;223172;'_POL-NEG';36;50
e;2585996;'_INFO-CNRTL-YES';36;50
e;254876;'_POL-POS_PC';36;50
e;241794;'_POL-NEUTRE';36;50
e;223173;'_POL-POS';36;50
r;27227288;126554;254878;36;8
r;9298989;126554;254877;36;22
r;96053187;126554;251716;36;27
r;102027743;126554;273221;36;34
r;26472843;126554;223172;36;42
r;54885313;126554;2585996;36;54
r;2334777;126554;254876;36;70
r;9215931;126554;241794;36;116
r;2109629;126554;223173;36;369