
e;53495;'frais';1;730
e;146885;'Nom:Mas+SG';4;50
e;2586627;'Gender:Mas';4;0
e;2586630;'Number:Plur';4;0
e;2586629;'Number:Sing';4;0
e;146889;'Adv:';4;50
e;147151;'Adj:Mas+PL';4;50
e;146888;'Adj:Mas+SG';4;50
e;146887;'Nom:Mas+PL';4;50
e;171869;'Adj:';4;50
e;171870;'Nom:';4;50
r;395335411;53495;146885;4;25
r;53947392;53495;2586627;4;46
r;53956966;53495;2586630;4;46
r;53981119;53495;2586629;4;46
r;13161718;53495;146889;4;55
r;25665;53495;147151;4;58
r;25666;53495;146888;4;59
r;25667;53495;146887;4;59
r;1403657;53495;171869;4;75
r;1403658;53495;171870;4;81