
e;53495;'frais';1;730
e;254878;'_POL-NEG_PC';36;50
e;317326;'_POLIT_5UMP';36;50
e;317322;'_POLIT_1ECO';36;50
e;317329;'_POLIT_7NOPOL';36;50
e;15991432;'_ANIME-NO';36;50
e;276096;'_INFO-WIKI-YES';36;50
e;191741;'_INFO-VOC-COMMON';36;50
e;254876;'_POL-POS_PC';36;50
e;1912917;'_INFO-COUNTABLE-YES';36;0
e;217817;'_INFO-POLYSEMIC';36;50
e;254877;'_POL-NEUTRE_PC';36;50
e;438949;'_INFO-POLYMORPHIC';36;50
e;2585996;'_INFO-CNRTL-YES';36;50
e;223172;'_POL-NEG';36;50
e;223173;'_POL-POS';36;50
e;241794;'_POL-NEUTRE';36;50
r;2569693;53495;254878;36;9
r;96740181;53495;317326;36;10
r;9300921;53495;317322;36;16
r;8927045;53495;317329;36;17
r;418109925;53495;15991432;36;25
r;279317629;53495;276096;36;29
r;739246;53495;191741;36;35
r;2327967;53495;254876;36;41
r;30787084;53495;1912917;36;41
r;1722251;53495;217817;36;42
r;2327968;53495;254877;36;50
r;19317047;53495;438949;36;51
r;54801509;53495;2585996;36;51
r;2568392;53495;223172;36;84
r;1995630;53495;223173;36;389
r;2018568;53495;241794;36;473