
e;29690;'fuir';1;544
e;254876;'_POL-POS_PC';36;50
e;254877;'_POL-NEUTRE_PC';36;50
e;317325;'_POLIT_4MD';36;50
e;223173;'_POL-POS';36;50
e;214534;'_INFO-MEANING-FIGURED';36;50
e;251717;'_INFO-MEANING-LITERAL';36;50
e;273221;'_INFO-WIKI-NO';36;50
e;191741;'_INFO-VOC-COMMON';36;50
e;217817;'_INFO-POLYSEMIC';36;50
e;241794;'_POL-NEUTRE';36;50
e;2585996;'_INFO-CNRTL-YES';36;50
e;254878;'_POL-NEG_PC';36;50
e;223172;'_POL-NEG';36;50
r;8536788;29690;254876;36;3
r;2345718;29690;254877;36;8
r;28018013;29690;317325;36;16
r;8535983;29690;223173;36;22
r;52554188;29690;214534;36;40
r;61240932;29690;251717;36;40
r;6811032;29690;273221;36;43
r;739279;29690;191741;36;46
r;2114505;29690;217817;36;47
r;2000728;29690;241794;36;54
r;54727511;29690;2585996;36;59
r;2345719;29690;254878;36;89
r;1995318;29690;223172;36;628