
e;14665;'fêter';1;552
e;254878;'_POL-NEG_PC';36;50
e;254877;'_POL-NEUTRE_PC';36;50
e;317329;'_POLIT_7NOPOL';36;50
e;248198;'_SEX_NO';36;50
e;223172;'_POL-NEG';36;50
e;217817;'_INFO-POLYSEMIC';36;50
e;214534;'_INFO-MEANING-FIGURED';36;50
e;191741;'_INFO-VOC-COMMON';36;50
e;273221;'_INFO-WIKI-NO';36;50
e;2585996;'_INFO-CNRTL-YES';36;50
e;241794;'_POL-NEUTRE';36;50
e;254876;'_POL-POS_PC';36;50
e;223173;'_POL-POS';36;50
r;27442558;14665;254878;36;3
r;9233587;14665;254877;36;8
r;12021486;14665;317329;36;16
r;8994114;14665;248198;36;17
r;26640341;14665;223172;36;21
r;390264384;14665;217817;36;25
r;52557228;14665;214534;36;40
r;739147;14665;191741;36;42
r;6673760;14665;273221;36;42
r;54780900;14665;2585996;36;53
r;9203015;14665;241794;36;58
r;2327468;14665;254876;36;89
r;1995683;14665;223173;36;636