
e;142226;'gentil';1;974
e;317329;'_POLIT_7NOPOL';36;50
e;248197;'_SEX_YES';36;50
e;254878;'_POL-NEG_PC';36;50
e;254877;'_POL-NEUTRE_PC';36;50
e;317324;'_POLIT_3PS';36;50
e;217817;'_INFO-POLYSEMIC';36;50
e;163151;'_INFO-SEM-SUBST';36;286
e;1912988;'_INFO-COUNTABLE-NO';36;0
e;15991431;'_ANIME-YES';36;50
e;438949;'_INFO-POLYMORPHIC';36;50
e;276096;'_INFO-WIKI-YES';36;50
e;248198;'_SEX_NO';36;50
e;250116;'_INFO-SEM-PERS-MASC';36;50
e;214534;'_INFO-MEANING-FIGURED';36;50
e;223172;'_POL-NEG';36;50
e;191669;'_INFO-SEM-LIVING-BEING';36;160
e;162761;'_INFO-SEM-PERS';36;732
e;163012;'_INFO-NO-MORE-QUESTION';36;6094
e;191741;'_INFO-VOC-COMMON';36;50
e;254876;'_POL-POS_PC';36;50
e;241794;'_POL-NEUTRE';36;50
e;223173;'_POL-POS';36;50
r;8933429;142226;317329;36;-1
r;102148508;142226;248197;36;1
r;26682044;142226;254878;36;7
r;2334912;142226;254877;36;15
r;8933428;142226;317324;36;17
r;374388259;142226;217817;36;25
r;384360263;142226;163151;36;25
r;384667307;142226;1912988;36;25
r;417404671;142226;15991431;36;25
r;427429210;142226;438949;36;26
r;316348468;142226;276096;36;32
r;2190420;142226;248198;36;33
r;2241260;142226;250116;36;35
r;52638193;142226;214534;36;40
r;26503778;142226;223172;36;45
r;2233549;142226;191669;36;46
r;1957126;142226;162761;36;48
r;618635;142226;163012;36;52
r;739331;142226;191741;36;60
r;2334911;142226;254876;36;78
r;2044831;142226;241794;36;94
r;1995509;142226;223173;36;491