
e;163998;'grandes';1;64
e;254878;'_POL-NEG_PC';36;50
e;276096;'_INFO-WIKI-YES';36;50
e;254877;'_POL-NEUTRE_PC';36;50
e;1912917;'_INFO-COUNTABLE-YES';36;0
e;2355199;'_OCC-IGNORE';36;0
e;438949;'_INFO-POLYMORPHIC';36;50
e;223172;'_POL-NEG';36;50
e;254876;'_POL-POS_PC';36;50
e;241794;'_POL-NEUTRE';36;50
e;223173;'_POL-POS';36;50
r;27036266;163998;254878;36;9
r;93033633;163998;276096;36;27
r;27036265;163998;254877;36;31
r;30784951;163998;1912917;36;40
r;46458657;163998;2355199;36;44
r;18449317;163998;438949;36;46
r;26497421;163998;223172;36;49
r;27036264;163998;254876;36;59
r;26497422;163998;241794;36;161
r;18449320;163998;223173;36;306