
e;151711;'grande';1;1082
e;317329;'_POLIT_7NOPOL';36;50
e;248198;'_SEX_NO';36;50
e;276096;'_INFO-WIKI-YES';36;50
e;248197;'_SEX_YES';36;50
e;254876;'_POL-POS_PC';36;50
e;438949;'_INFO-POLYMORPHIC';36;50
e;2585997;'_INFO-CNRTL-NO';36;50
e;163012;'_INFO-NO-MORE-QUESTION';36;6094
e;254877;'_POL-NEUTRE_PC';36;50
e;223173;'_POL-POS';36;50
e;241794;'_POL-NEUTRE';36;50
r;8922413;151711;317329;36;17
r;2191034;151711;248198;36;21
r;432540077;151711;276096;36;25
r;2192990;151711;248197;36;26
r;2321335;151711;254876;36;35
r;19249502;151711;438949;36;51
r;54972512;151711;2585997;36;51
r;431133;151711;163012;36;58
r;2321336;151711;254877;36;65
r;2000798;151711;223173;36;253
r;1998903;151711;241794;36;473