
e;40854;'gratuit';1;328
e;254877;'_POL-NEUTRE_PC';36;50
e;317329;'_POLIT_7NOPOL';36;50
e;254878;'_POL-NEG_PC';36;50
e;15991432;'_ANIME-NO';36;50
e;276096;'_INFO-WIKI-YES';36;50
e;1900773;'_INFO-SEM-PLACE-ABSTRACT';36;504
e;248197;'_SEX_YES';36;50
e;248198;'_SEX_NO';36;50
e;217817;'_INFO-POLYSEMIC';36;50
e;214534;'_INFO-MEANING-FIGURED';36;50
e;191741;'_INFO-VOC-COMMON';36;50
e;438949;'_INFO-POLYMORPHIC';36;50
e;191671;'_INFO-SEM-CARAC';36;144
e;241794;'_POL-NEUTRE';36;50
e;2585996;'_INFO-CNRTL-YES';36;50
e;254876;'_POL-POS_PC';36;50
e;223172;'_POL-NEG';36;50
e;223173;'_POL-POS';36;50
r;27063071;40854;254877;36;10
r;8920113;40854;317329;36;16
r;2572953;40854;254878;36;23
r;418124476;40854;15991432;36;25
r;434533017;40854;276096;36;25
r;424915402;40854;1900773;36;25
r;9147070;40854;248197;36;35
r;76214149;40854;248198;36;35
r;9147069;40854;217817;36;40
r;52636076;40854;214534;36;40
r;739396;40854;191741;36;46
r;27962125;40854;438949;36;49
r;1536601;40854;191671;36;53
r;26504723;40854;241794;36;54
r;54770571;40854;2585996;36;60
r;2405007;40854;254876;36;67
r;2568341;40854;223172;36;126
r;2015293;40854;223173;36;369