
e;88096;'gros';1;1734
e;146898;'Int:';4;50
e;2586628;'Gender:Fem';4;0
e;146887;'Nom:Mas+PL';4;50
e;146888;'Adj:Mas+SG';4;50
e;146889;'Adv:';4;50
e;147151;'Adj:Mas+PL';4;50
e;2586637;'Number:Inv';4;0
e;2586630;'Number:Plur';4;0
e;146892;'Adj:Mas+InvPL';4;50
e;146886;'Nom:Mas+InvPL';4;50
e;2586627;'Gender:Mas';4;0
e;171870;'Nom:';4;50
e;2586629;'Number:Sing';4;0
e;146885;'Nom:Mas+SG';4;50
e;171869;'Adj:';4;50
r;395259997;88096;146898;4;25
r;417746067;88096;2586628;4;25
r;15818498;88096;146887;4;26
r;105148320;88096;146888;4;28
r;483196;88096;146889;4;32
r;119739501;88096;147151;4;34
r;54086137;88096;2586637;4;45
r;54110690;88096;2586630;4;48
r;28166;88096;146892;4;51
r;28167;88096;146886;4;52
r;54084276;88096;2586627;4;53
r;541018;88096;171870;4;55
r;54174787;88096;2586629;4;57
r;28168;88096;146885;4;59
r;1405072;88096;171869;4;106