
e;48582;'génial';1;290
e;254878;'_POL-NEG_PC';36;50
e;254877;'_POL-NEUTRE_PC';36;50
e;217817;'_INFO-POLYSEMIC';36;50
e;438949;'_INFO-POLYMORPHIC';36;50
e;273221;'_INFO-WIKI-NO';36;50
e;223172;'_POL-NEG';36;50
e;2585996;'_INFO-CNRTL-YES';36;50
e;241794;'_POL-NEUTRE';36;50
e;254876;'_POL-POS_PC';36;50
e;223173;'_POL-POS';36;50
r;27131718;48582;254878;36;9
r;9290998;48582;254877;36;12
r;390279950;48582;217817;36;25
r;427421269;48582;438949;36;28
r;6359962;48582;273221;36;35
r;26453464;48582;223172;36;48
r;54796438;48582;2585996;36;56
r;9206961;48582;241794;36;65
r;2414462;48582;254876;36;79
r;1993213;48582;223173;36;425