
e;99013;'hors';1;170
e;254878;'_POL-NEG_PC';36;50
e;317329;'_POLIT_7NOPOL';36;50
e;254876;'_POL-POS_PC';36;50
e;217817;'_INFO-POLYSEMIC';36;50
e;223172;'_POL-NEG';36;50
e;276096;'_INFO-WIKI-YES';36;50
e;438949;'_INFO-POLYMORPHIC';36;50
e;191741;'_INFO-VOC-COMMON';36;50
e;2585996;'_INFO-CNRTL-YES';36;50
e;254877;'_POL-NEUTRE_PC';36;50
e;223173;'_POL-POS';36;50
e;241794;'_POL-NEUTRE';36;50
r;27462512;99013;254878;36;2
r;9157959;99013;317329;36;17
r;9166842;99013;254876;36;18
r;396065983;99013;217817;36;25
r;26471585;99013;223172;36;28
r;87302431;99013;276096;36;32
r;18598416;99013;438949;36;41
r;739514;99013;191741;36;42
r;87302393;99013;2585996;36;52
r;2381598;99013;254877;36;80
r;9164349;99013;223173;36;256
r;2028691;99013;241794;36;1114