
e;87252;'il';1;324
e;171870;'Nom:';4;50
e;146885;'Nom:Mas+SG';4;50
e;171869;'Adj:';4;50
e;2931520;'Pro:Pers:COD';4;0
e;148598;'Pro:3Mas+SG';4;50
e;2586627;'Gender:Mas';4;0
e;2586629;'Number:Sing';4;0
e;2356740;'Pro:Pers';4;0
e;147826;'Pro:';4;50
e;2931521;'Pro:Pers:SUJ';4;0
r;1406509;87252;171870;4;-70
r;30306;87252;146885;4;-60
r;32352402;87252;171869;4;-50
r;374235842;87252;2931520;4;-25
r;30307;87252;148598;4;54
r;54136202;87252;2586627;4;69
r;54175354;87252;2586629;4;71
r;48898706;87252;2356740;4;99
r;12098932;87252;147826;4;102
r;71879359;87252;2931521;4;145