
e;25695;'impeccable';1;116
e;146888;'Adj:Mas+SG';4;50
e;146894;'Adj:Fem+SG';4;50
e;2586634;'Gender:Inv';4;0
e;146889;'Adv:';4;50
e;2586627;'Gender:Mas';4;0
e;2586628;'Gender:Fem';4;0
e;2586629;'Number:Sing';4;0
e;146883;'Adj:InvGen+SG';4;50
e;171869;'Adj:';4;50
r;16089597;25695;146888;4;30
r;16084175;25695;146894;4;33
r;53938755;25695;2586634;4;45
r;52082547;25695;146889;4;46
r;53973306;25695;2586627;4;47
r;53926495;25695;2586628;4;48
r;53944194;25695;2586629;4;49
r;30549;25695;146883;4;51
r;604936;25695;171869;4;61