
e;25695;'impeccable';1;116
e;251716;'_INFO-MONOSEMIC';36;50
e;254878;'_POL-NEG_PC';36;50
e;254877;'_POL-NEUTRE_PC';36;50
e;217817;'_INFO-POLYSEMIC';36;50
e;438949;'_INFO-POLYMORPHIC';36;50
e;273221;'_INFO-WIKI-NO';36;50
e;223172;'_POL-NEG';36;50
e;2585996;'_INFO-CNRTL-YES';36;50
e;254876;'_POL-POS_PC';36;50
e;241794;'_POL-NEUTRE';36;50
e;223173;'_POL-POS';36;50
r;310671985;25695;251716;36;-15
r;27297390;25695;254878;36;9
r;9249650;25695;254877;36;18
r;390308041;25695;217817;36;25
r;88756967;25695;438949;36;27
r;88756978;25695;273221;36;35
r;26556646;25695;223172;36;44
r;54931251;25695;2585996;36;51
r;2325672;25695;254876;36;73
r;9204296;25695;241794;36;92
r;2032066;25695;223173;36;372