
e;89066;'impossible';1;350
e;146894;'Adj:Fem+SG';4;50
e;146888;'Adj:Mas+SG';4;50
e;2586634;'Gender:Inv';4;0
e;2586627;'Gender:Mas';4;0
e;2586628;'Gender:Fem';4;0
e;2586629;'Number:Sing';4;0
e;146885;'Nom:Mas+SG';4;50
e;171870;'Nom:';4;50
e;146883;'Adj:InvGen+SG';4;50
e;171869;'Adj:';4;50
r;16084195;89066;146894;4;26
r;16089617;89066;146888;4;35
r;53938775;89066;2586634;4;45
r;53973326;89066;2586627;4;45
r;53926515;89066;2586628;4;46
r;53944214;89066;2586629;4;47
r;30669;89066;146885;4;53
r;1946519;89066;171870;4;55
r;30668;89066;146883;4;60
r;1406756;89066;171869;4;75