
e;89066;'impossible';1;350
e;251716;'_INFO-MONOSEMIC';36;50
e;254877;'_POL-NEUTRE_PC';36;50
e;217817;'_INFO-POLYSEMIC';36;50
e;276096;'_INFO-WIKI-YES';36;50
e;438949;'_INFO-POLYMORPHIC';36;50
e;241794;'_POL-NEUTRE';36;50
e;2585996;'_INFO-CNRTL-YES';36;50
e;191741;'_INFO-VOC-COMMON';36;50
e;254878;'_POL-NEG_PC';36;50
e;223172;'_POL-NEG';36;50
r;310760614;89066;251716;36;-15
r;2344474;89066;254877;36;8
r;390308769;89066;217817;36;25
r;372991037;89066;276096;36;33
r;16003946;89066;438949;36;45
r;2020190;89066;241794;36;47
r;54770591;89066;2585996;36;52
r;739569;89066;191741;36;57
r;2344475;89066;254878;36;92
r;2004736;89066;223172;36;534