
e;27007;'inconfortable';1;70
e;254877;'_POL-NEUTRE_PC';36;50
e;317329;'_POLIT_7NOPOL';36;50
e;217817;'_INFO-POLYSEMIC';36;50
e;276096;'_INFO-WIKI-YES';36;50
e;241794;'_POL-NEUTRE';36;50
e;214534;'_INFO-MEANING-FIGURED';36;50
e;323621;'_INFO-SEM-EMOTION-RELATED';36;50
e;2585996;'_INFO-CNRTL-YES';36;50
e;254878;'_POL-NEG_PC';36;50
e;223172;'_POL-NEG';36;50
r;26862012;27007;254877;36;7
r;9335439;27007;317329;36;16
r;390310793;27007;217817;36;25
r;87067861;27007;276096;36;26
r;26643249;27007;241794;36;37
r;52632574;27007;214534;36;40
r;9267220;27007;323621;36;46
r;54786719;27007;2585996;36;60
r;2321528;27007;254878;36;93
r;2008447;27007;223172;36;490