
e;69384;'installer';1;100
e;2061442;'installaient';2;0
e;2061456;'installas';2;0
e;2061525;'installèrent';2;0
e;2061491;'installées';2;0
e;2061520;'installerait';2;0
e;2061448;'installais';2;0
e;2061507;'installent';2;0
e;2061555;'installions';2;0
e;2061444;'installai';2;0
e;2061465;'installassiez';2;0
e;2061538;'installerons';2;0
e;2061552;'installiez';2;0
e;62575;'installé';1;60
e;324025;'installée';1;6
e;2061449;'installait';2;0
e;2061504;'installe';2;0
e;2061541;'installes';2;0
e;2061464;'installasses';2;0
e;2061516;'installera';2;0
e;2061527;'installerez';2;0
e;2061450;'installâmes';2;0
e;2061451;'installant';2;0
e;2061470;'installâtes';2;0
e;2061529;'installeriez';2;0
e;2061446;'installa';2;0
e;2061479;'installât';2;0
e;2061458;'installasse';2;0
e;2061461;'installassent';2;0
e;2061509;'installeraient';2;0
e;2061523;'installeras';2;0
e;2061534;'installerions';2;0
e;2061539;'installeront';2;0
e;2061549;'installez';2;0
e;2061540;'installés';2;0
e;2061559;'installons';2;0
e;2061513;'installerai';2;0
e;2061518;'installerais';2;0
e;2061467;'installassions';2;0
r;310482;69384;69384;19;56
r;32341777;2061442;69384;19;51
r;32341890;2061456;69384;19;51
r;32342189;2061525;69384;19;51
r;32168268;2061491;69384;19;52
r;32342157;2061520;69384;19;52
r;32341831;2061448;69384;19;53
r;32342104;2061507;69384;19;53
r;32342323;2061555;69384;19;53
r;32341795;2061444;69384;19;54
r;32341944;2061465;69384;19;54
r;32342231;2061538;69384;19;54
r;32342305;2061552;69384;19;54
r;310481;62575;69384;19;55
r;12099562;324025;69384;19;55
r;32341848;2061449;69384;19;55
r;32342083;2061504;69384;19;55
r;32342267;2061541;69384;19;55
r;310482;69384;69384;19;56
r;32341928;2061464;69384;19;56
r;32342128;2061516;69384;19;56
r;32342198;2061527;69384;19;56
r;32341867;2061450;69384;19;57
r;32341875;2061451;69384;19;57
r;32341973;2061470;69384;19;57
r;32342210;2061529;69384;19;57
r;32341815;2061446;69384;19;58
r;32341996;2061479;69384;19;58
r;32341905;2061458;69384;19;59
r;32341918;2061461;69384;19;59
r;32342111;2061509;69384;19;59
r;32342175;2061523;69384;19;59
r;32342226;2061534;69384;19;59
r;32342249;2061539;69384;19;59
r;32342288;2061549;69384;19;59
r;32168279;2061540;69384;19;60
r;32342342;2061559;69384;19;60
r;32342117;2061513;69384;19;62
r;32342137;2061518;69384;19;62
r;32341955;2061467;69384;19;64