
e;69384;'installer';1;100
e;254878;'_POL-NEG_PC';36;50
e;248198;'_SEX_NO';36;50
e;317329;'_POLIT_7NOPOL';36;50
e;223172;'_POL-NEG';36;50
e;273221;'_INFO-WIKI-NO';36;50
e;217817;'_INFO-POLYSEMIC';36;50
e;254877;'_POL-NEUTRE_PC';36;50
e;254876;'_POL-POS_PC';36;50
e;2585996;'_INFO-CNRTL-YES';36;50
e;191741;'_INFO-VOC-COMMON';36;50
e;241794;'_POL-NEUTRE';36;50
e;223173;'_POL-POS';36;50
r;76260551;69384;254878;36;3
r;3208190;69384;248198;36;16
r;9324505;69384;317329;36;16
r;27191900;69384;223172;36;16
r;29433560;69384;273221;36;40
r;29433260;69384;217817;36;40
r;9271936;69384;254877;36;43
r;9149676;69384;254876;36;55
r;54850596;69384;2585996;36;60
r;739632;69384;191741;36;61
r;9209287;69384;241794;36;260
r;9145056;69384;223173;36;334