
e;162832;'isolée';1;108
e;161702;'Ver:PPas';4;50
e;2586628;'Gender:Fem';4;0
e;2586629;'Number:Sing';4;0
e;146881;'Nom:Fem+SG';4;50
e;161700;'Ver:PPas+Fem+SG';4;50
e;171870;'Nom:';4;50
e;212235;'Ver:';4;50
e;146894;'Adj:Fem+SG';4;50
e;171869;'Adj:';4;50
r;12113754;162832;161702;4;35
r;53922573;162832;2586628;4;46
r;54073237;162832;2586629;4;46
r;12099890;162832;146881;4;55
r;12099893;162832;161700;4;59
r;12099891;162832;171870;4;60
r;12099894;162832;212235;4;60
r;12099889;162832;146894;4;64
r;1896815;162832;171869;4;72