
e;162832;'isolée';1;108
e;254876;'_POL-POS_PC';36;50
e;254877;'_POL-NEUTRE_PC';36;50
e;317325;'_POLIT_4MD';36;50
e;223173;'_POL-POS';36;50
e;273221;'_INFO-WIKI-NO';36;50
e;241794;'_POL-NEUTRE';36;50
e;438949;'_INFO-POLYMORPHIC';36;50
e;254878;'_POL-NEG_PC';36;50
e;223172;'_POL-NEG';36;50
r;2403438;162832;254876;36;3
r;2403439;162832;254877;36;8
r;25981285;162832;317325;36;16
r;2301313;162832;223173;36;18
r;7863891;162832;273221;36;35
r;2018485;162832;241794;36;42
r;18528037;162832;438949;36;50
r;2403440;162832;254878;36;88
r;2001435;162832;223172;36;460