
e;80522;'jacuzzi';1;62
e;6352883;'Émail dentaire';1;0
e;146785;'nom de famille';1;146
e;15305358;'whirlpool';1;0
e;60152;'bassin';1;614
e;96269;'relaxation';1;350
e;6381644;'bains à remous';1;0
e;6435755;'baignoire d'hydromassage';1;0
e;3488556;'baignoire à remous';777;0
e;42836;'hydrologie';1;136
e;10955;'hôtellerie';1;158
e;71684;'buse';1;90
e;196773;'bain moussant';1;52
e;154720;'eau chaude';1;254
e;48041;'sauna';1;234
e;39056;'paroi';1;208
e;45179;'maison';1;12514
e;141574;'bonde';1;78
e;63985;'bord';1;362
e;2639;'robinets';1;50
e;58867;'jet';1;260
e;26519;'robinet';1;610
e;114386;'émail';1;848
e;105716;'tuyau';1;626
e;62218;'massage';1;700
e;135190;'lieu';1;1642
e;102000;'hôtel';1;1498
e;21247;'bouillonnant';1;84
e;2496939;'Jacuzzi';1;0
e;125201;'hydrothérapie';1;58
e;120228;'remous';1;82
e;152716;'bulles';1;310
e;158397;'spa';1;80
e;65012;'eau';1;11015
e;232001;'bain bouillonnant';1;2
e;232000;'bain à remous';1;4
e;132716;'baignoire';1;1004
e;231988;'bain à bulles';1;10
e;59618;'bain';1;936
e;134474;'piscine';1;1626
e;26697;'lupanar';1;102
e;66839;'maison close';1;404
e;15193261;'émail des dents';1;0
e;244205;'piscine à vagues';1;50
e;10561;'douche';1;1398
e;214487;'émail dentaire';1;50
r;433748745;80522;6352883;0;4
r;419328671;80522;146785;0;5
r;419431351;80522;7290984;0;5
r;419431353;80522;7290820;0;5
r;419431355;80522;6952809;0;5
r;419431357;80522;7054041;0;5
r;419431371;80522;7096300;0;5
r;429480696;80522;15305358;0;5
r;418155637;80522;60152;0;12
r;418155638;80522;96269;0;12
r;410724140;80522;6381644;0;20
r;416356849;80522;14918478;0;20
r;416356851;80522;15048047;0;20
r;416356853;80522;15048046;0;20
r;416356855;80522;14947255;0;20
r;416356857;80522;14965077;0;20
r;410723462;80522;6435755;0;25
r;410723464;80522;6912641;0;25
r;410723465;80522;13453164;0;25
r;410723466;80522;7181524;0;25
r;410723467;80522;13453166;0;25
r;410723468;80522;13453168;0;25
r;410723469;80522;9121017;0;25
r;410723470;80522;7322176;0;25
r;410723471;80522;7322178;0;25
r;410723472;80522;6825796;0;25
r;410723473;80522;6912509;0;25
r;410723474;80522;7322473;0;25
r;410723475;80522;7322475;0;25
r;410723476;80522;7322477;0;25
r;410723477;80522;7322479;0;25
r;410723478;80522;7322481;0;25
r;410723479;80522;7322483;0;25
r;410723480;80522;7011050;0;25
r;410723481;80522;7322485;0;25
r;410723482;80522;7322487;0;25
r;410723483;80522;7322489;0;25
r;410723484;80522;7322491;0;25
r;410723485;80522;7322493;0;25
r;410723486;80522;7322495;0;25
r;410723487;80522;7322446;0;25
r;410723488;80522;7322497;0;25
r;410723489;80522;7322499;0;25
r;410723490;80522;7224408;0;25
r;410723491;80522;7780161;0;25
r;410723492;80522;7744023;0;25
r;410723493;80522;7780163;0;25
r;410723494;80522;7010941;0;25
r;410723495;80522;7780165;0;25
r;410723496;80522;7780167;0;25
r;410723497;80522;7780169;0;25
r;410723498;80522;7170201;0;25
r;410723499;80522;6995668;0;25
r;410723500;80522;7769500;0;25
r;410723501;80522;7780171;0;25
r;410723502;80522;7780173;0;25
r;410723503;80522;7780175;0;25
r;410723504;80522;7780177;0;25
r;410723505;80522;7780179;0;25
r;410723506;80522;7011069;0;25
r;410723507;80522;7180978;0;25
r;410723508;80522;7780181;0;25
r;410723509;80522;7780183;0;25
r;410723510;80522;7770112;0;25
r;410723511;80522;7780157;0;25
r;410723512;80522;9072905;0;25
r;410723513;80522;9597167;0;25
r;410723514;80522;9597169;0;25
r;410723515;80522;7322427;0;25
r;410723516;80522;9597250;0;25
r;410723517;80522;7224583;0;25
r;410723518;80522;8737848;0;25
r;410723519;80522;7181753;0;25
r;410723520;80522;7454955;0;25
r;410723521;80522;13453170;0;25
r;410723522;80522;8737849;0;25
r;410723523;80522;9115390;0;25
r;410723524;80522;9121015;0;25
r;410723525;80522;7322469;0;25
r;410723526;80522;7322471;0;25
r;410723527;80522;7096198;0;25
r;410723528;80522;7322180;0;25
r;410723529;80522;7322182;0;25
r;410723530;80522;7322184;0;25
r;410723531;80522;7322186;0;25
r;410723532;80522;7322188;0;25
r;410723534;80522;7322190;0;25
r;410723536;80522;7322192;0;25
r;410723538;80522;7322194;0;25
r;410723539;80522;6958287;0;25
r;410723540;80522;7322196;0;25
r;410723541;80522;7180988;0;25
r;410723542;80522;7322198;0;25
r;410723543;80522;7322200;0;25
r;410723544;80522;7322202;0;25
r;410723545;80522;7322204;0;25
r;410723546;80522;7322206;0;25
r;410723547;80522;7322208;0;25
r;410723548;80522;7670653;0;25
r;410723549;80522;7780135;0;25
r;410723550;80522;7687910;0;25
r;410723551;80522;7780137;0;25
r;410723886;80522;15741824;0;25
r;412388229;80522;3488556;0;25
r;415764974;80522;14965080;0;25
r;415764978;80522;7322501;0;25
r;415764984;80522;15211640;0;25
r;416041349;80522;14944656;0;25
r;418155636;80522;42836;0;25
r;427977337;80522;10955;0;27
r;11022608;80522;71684;0;30
r;412388230;80522;196773;0;30
r;1627503;80522;154720;0;35
r;1979642;80522;238301;0;40
r;390956429;80522;14944657;0;57
r;1627499;80522;48041;0;60
r;11022610;80522;39056;0;62
r;10562695;80522;45179;0;63
r;11022598;80522;141574;0;63
r;11022600;80522;63985;0;63
r;11022602;80522;2639;0;63
r;11022604;80522;58867;0;63
r;11022606;80522;26519;0;63
r;11022594;80522;114386;0;64
r;11022596;80522;105716;0;64
r;1627498;80522;62218;0;70
r;9858520;80522;135190;0;73
r;1627497;80522;102000;0;74
r;9858518;80522;241691;0;74
r;1627504;80522;21247;0;80
r;412387652;80522;2496939;0;80
r;1627528;80522;125201;0;90
r;410724141;80522;120228;0;90
r;412387653;80522;152716;0;96
r;1627530;80522;158397;0;105
r;1643503;80522;65012;0;106
r;12187201;80522;232001;0;109
r;12187199;80522;232000;0;114
r;412387651;80522;232695;0;115
r;1627532;80522;132716;0;123
r;12168767;80522;231988;0;125
r;1627502;80522;59618;0;140
r;24065270;80522;239128;0;1000000
r;102106702;134474;80522;0;2
r;12860474;39056;80522;0;4
r;12860475;71684;80522;0;4
r;12860476;26519;80522;0;4
r;12860478;2639;80522;0;4
r;12860479;63985;80522;0;4
r;12860480;141574;80522;0;4
r;12860481;105716;80522;0;4
r;12860483;65012;80522;0;4
r;423582847;26697;80522;0;5
r;429410792;15048047;80522;0;5
r;429410793;15048046;80522;0;5
r;429410794;14947255;80522;0;5
r;429410795;14965077;80522;0;5
r;429410824;14918478;80522;0;5
r;429480746;232695;80522;0;5
r;429480747;2496939;80522;0;5
r;423582879;66839;80522;0;6
r;416041348;14944656;80522;0;25
r;12860477;58867;80522;0;28
r;15572355;45179;80522;0;28
r;15572356;102000;80522;0;29
r;12356516;158397;80522;0;30
r;398612875;15103094;80522;0;30
r;405067759;15193261;80522;0;30
r;2117143;244205;80522;0;35
r;412751096;15205767;80522;0;35
r;72393021;10561;80522;0;40
r;10872663;135190;80522;0;52
r;10872665;132716;80522;0;57
r;1827079;231988;80522;0;60
r;10872664;241691;80522;0;60
r;359712931;6352883;80522;0;90
r;410723653;7322501;80522;0;90
r;410723894;14965080;80522;0;90
r;410724012;15211640;80522;0;90
r;12124862;232000;80522;0;91
r;1833910;232001;80522;0;95
r;390956431;14944657;80522;0;95
r;410723980;15305358;80522;0;95
r;12860482;114386;80522;0;126
r;290579969;6912686;80522;0;281
r;290579919;214487;80522;0;282