
e;136736;'jolie';1;538
e;248198;'_SEX_NO';36;50
e;254877;'_POL-NEUTRE_PC';36;50
e;438949;'_INFO-POLYMORPHIC';36;50
e;248197;'_SEX_YES';36;50
e;276096;'_INFO-WIKI-YES';36;50
e;2585997;'_INFO-CNRTL-NO';36;50
e;254876;'_POL-POS_PC';36;50
e;241794;'_POL-NEUTRE';36;50
e;223173;'_POL-POS';36;50
r;33747491;136736;248198;36;18
r;9265194;136736;254877;36;19
r;363955872;136736;438949;36;26
r;2195429;136736;248197;36;28
r;33263545;136736;276096;36;40
r;54994124;136736;2585997;36;60
r;2339705;136736;254876;36;81
r;9217067;136736;241794;36;84
r;1994872;136736;223173;36;360