
e;136736;'jolie';1;534
e;14270798;'VerbalMode:Impératif';4;0
e;14270847;'Ver:ImPre+SG+P2';4;0
e;14270944;'VerbalPers:P3';4;0
e;14270943;'VerbalPers:P2';4;0
e;14270942;'VerbalPers:P1';4;0
e;14270945;'VerbalNumber:SG';4;0
e;150120;'Ver:SPre+SG+P3';4;50
e;150119;'Ver:SPre+SG+P1';4;50
e;150118;'Ver:IPre+SG+P3';4;50
e;150117;'Ver:IPre+SG+P1';4;50
e;2946892;'Ver:Conjug';4;0
e;212235;'Ver:';4;50
e;2935005;'VerbalTime:Present';4;0
e;161698;'Ver:IPre+SG+P1:IPre+SG+P3:SPre+SG+P1:SPre+SG+P3:ImPre+SG+P2';4;50
e;3093591;'VerbalMode:Subjonctif';4;0
e;3093590;'VerbalMode:Indicatif';4;0
e;2586628;'Gender:Fem';4;0
e;2586629;'Number:Sing';4;0
e;171869;'Adj:';4;50
e;146894;'Adj:Fem+SG';4;50
r;361885469;136736;14270798;4;25
r;363199874;136736;14270847;4;25
r;363021239;136736;14270944;4;25
r;363012268;136736;14270943;4;25
r;363003359;136736;14270942;4;25
r;362994483;136736;14270945;4;25
r;362985327;136736;150120;4;25
r;362976339;136736;150119;4;25
r;362967390;136736;150118;4;25
r;362958460;136736;150117;4;25
r;76379473;136736;2946892;4;26
r;76379471;136736;212235;4;27
r;76379472;136736;2935005;4;27
r;76379470;136736;161698;4;32
r;76379475;136736;3093591;4;34
r;76379474;136736;3093590;4;39
r;53921149;136736;2586628;4;46
r;54208518;136736;2586629;4;46
r;1919157;136736;171869;4;80
r;349642;136736;146894;4;111