
e;114868;'journalier';1;446
e;251716;'_INFO-MONOSEMIC';36;50
e;254878;'_POL-NEG_PC';36;50
e;15991431;'_ANIME-YES';36;50
e;254876;'_POL-POS_PC';36;50
e;223172;'_POL-NEG';36;50
e;276096;'_INFO-WIKI-YES';36;50
e;217817;'_INFO-POLYSEMIC';36;50
e;191741;'_INFO-VOC-COMMON';36;50
e;162761;'_INFO-SEM-PERS';36;732
e;191669;'_INFO-SEM-LIVING-BEING';36;160
e;438949;'_INFO-POLYMORPHIC';36;50
e;2585996;'_INFO-CNRTL-YES';36;50
e;254877;'_POL-NEUTRE_PC';36;50
e;223173;'_POL-POS';36;50
e;241794;'_POL-NEUTRE';36;50
r;310763883;114868;251716;36;-15
r;27024773;114868;254878;36;2
r;417384076;114868;15991431;36;25
r;9248687;114868;254876;36;29
r;26655153;114868;223172;36;29
r;357711215;114868;276096;36;30
r;88685773;114868;217817;36;34
r;739709;114868;191741;36;35
r;59814399;114868;162761;36;40
r;60001541;114868;191669;36;40
r;18532717;114868;438949;36;44
r;54878524;114868;2585996;36;51
r;9248688;114868;254877;36;69
r;9145179;114868;223173;36;373
r;9148097;114868;241794;36;890