
e;99888;'juste';1;462
e;146894;'Adj:Fem+SG';4;50
e;146888;'Adj:Mas+SG';4;50
e;2586634;'Gender:Inv';4;0
e;2586627;'Gender:Mas';4;0
e;2586628;'Gender:Fem';4;0
e;2586629;'Number:Sing';4;0
e;146883;'Adj:InvGen+SG';4;50
e;146885;'Nom:Mas+SG';4;50
e;146889;'Adv:';4;50
e;171870;'Nom:';4;50
e;171869;'Adj:';4;50
r;16084659;99888;146894;4;28
r;16090081;99888;146888;4;35
r;53939239;99888;2586634;4;45
r;53973790;99888;2586627;4;45
r;53926979;99888;2586628;4;46
r;53944678;99888;2586629;4;46
r;33159;99888;146883;4;53
r;33161;99888;146885;4;55
r;33160;99888;146889;4;56
r;1408115;99888;171870;4;69
r;1408114;99888;171869;4;77