
e;99888;'juste';1;462
e;317329;'_POLIT_7NOPOL';36;50
e;254878;'_POL-NEG_PC';36;50
e;254877;'_POL-NEUTRE_PC';36;50
e;317324;'_POLIT_3PS';36;50
e;15991431;'_ANIME-YES';36;50
e;191669;'_INFO-SEM-LIVING-BEING';36;160
e;223172;'_POL-NEG';36;50
e;162761;'_INFO-SEM-PERS';36;732
e;217817;'_INFO-POLYSEMIC';36;50
e;276096;'_INFO-WIKI-YES';36;50
e;438949;'_INFO-POLYMORPHIC';36;50
e;2585996;'_INFO-CNRTL-YES';36;50
e;191741;'_INFO-VOC-COMMON';36;50
e;254876;'_POL-POS_PC';36;50
e;241794;'_POL-NEUTRE';36;50
e;223173;'_POL-POS';36;50
r;8921793;99888;317329;36;-3
r;27427640;99888;254878;36;2
r;9237935;99888;254877;36;8
r;8916569;99888;317324;36;19
r;417313453;99888;15991431;36;25
r;97833039;99888;191669;36;26
r;26453813;99888;223172;36;30
r;97833058;99888;162761;36;32
r;1646441;99888;217817;36;35
r;307767392;99888;276096;36;35
r;30533087;99888;438949;36;44
r;54603552;99888;2585996;36;53
r;739726;99888;191741;36;56
r;2325993;99888;254876;36;90
r;9212825;99888;241794;36;93
r;1998550;99888;223173;36;1087