
e;142265;'la';1;336
e;171869;'Adj:';4;50
e;146885;'Nom:Mas+SG';4;50
e;146887;'Nom:Mas+PL';4;50
e;2586627;'Gender:Mas';4;0
e;2586637;'Number:Inv';4;0
e;2586630;'Number:Plur';4;0
e;2586629;'Number:Sing';4;0
e;2586628;'Gender:Fem';4;0
e;146886;'Nom:Mas+InvPL';4;50
e;171870;'Nom:';4;50
e;147920;'Pro:3Fem+SG';4;50
e;147826;'Pro:';4;50
e;2931520;'Pro:Pers:COD';4;0
e;2356740;'Pro:Pers';4;0
e;161751;'Det:Fem+SG';4;50
e;147628;'Det:';4;50
r;394271064;142265;171869;4;-25
r;15820440;142265;146885;4;28
r;15818663;142265;146887;4;35
r;54084443;142265;2586627;4;45
r;54086306;142265;2586637;4;45
r;54110853;142265;2586630;4;45
r;54194292;142265;2586629;4;45
r;71818554;142265;2586628;4;45
r;33639;142265;146886;4;53
r;1408273;142265;171870;4;78
r;33640;142265;147920;4;83
r;12100292;142265;147826;4;86
r;71879342;142265;2931520;4;90
r;48898714;142265;2356740;4;93
r;349751;142265;161751;4;103
r;12100293;142265;147628;4;317