
e;135779;'laisser';1;282
e;248197;'_SEX_YES';36;50
e;254876;'_POL-POS_PC';36;50
e;317329;'_POLIT_7NOPOL';36;50
e;438949;'_INFO-POLYMORPHIC';36;50
e;254878;'_POL-NEG_PC';36;50
e;273221;'_INFO-WIKI-NO';36;50
e;223173;'_POL-POS';36;50
e;217817;'_INFO-POLYSEMIC';36;50
e;191741;'_INFO-VOC-COMMON';36;50
e;2585996;'_INFO-CNRTL-YES';36;50
e;254877;'_POL-NEUTRE_PC';36;50
e;223172;'_POL-NEG';36;50
e;241794;'_POL-NEUTRE';36;50
r;356692039;135779;248197;36;1
r;2342196;135779;254876;36;3
r;9177086;135779;317329;36;16
r;420357630;135779;438949;36;26
r;2342198;135779;254878;36;30
r;32099777;135779;273221;36;40
r;2008178;135779;223173;36;42
r;9112268;135779;217817;36;50
r;739747;135779;191741;36;54
r;54669216;135779;2585996;36;54
r;2342197;135779;254877;36;67
r;2006538;135779;223172;36;381
r;2006594;135779;241794;36;858