
e;141708;'laisse';1;198
e;14270798;'VerbalMode:Impératif';4;0
e;14270847;'Ver:ImPre+SG+P2';4;0
e;14270944;'VerbalPers:P3';4;0
e;14270943;'VerbalPers:P2';4;0
e;14270942;'VerbalPers:P1';4;0
e;14270945;'VerbalNumber:SG';4;0
e;150120;'Ver:SPre+SG+P3';4;50
e;150119;'Ver:SPre+SG+P1';4;50
e;150118;'Ver:IPre+SG+P3';4;50
e;150117;'Ver:IPre+SG+P1';4;50
e;2586628;'Gender:Fem';4;0
e;2586629;'Number:Sing';4;0
e;161698;'Ver:IPre+SG+P1:IPre+SG+P3:SPre+SG+P1:SPre+SG+P3:ImPre+SG+P2';4;50
e;2935005;'VerbalTime:Present';4;0
e;2946892;'Ver:Conjug';4;0
e;3093591;'VerbalMode:Subjonctif';4;0
e;3093590;'VerbalMode:Indicatif';4;0
e;146881;'Nom:Fem+SG';4;50
e;212235;'Ver:';4;50
e;171870;'Nom:';4;50
r;361883350;141708;14270798;4;25
r;363202299;141708;14270847;4;25
r;363023413;141708;14270944;4;25
r;363014390;141708;14270943;4;25
r;363005485;141708;14270942;4;25
r;362996621;141708;14270945;4;25
r;362987559;141708;150120;4;25
r;362978496;141708;150119;4;25
r;362969516;141708;150118;4;25
r;362960586;141708;150117;4;25
r;54026406;141708;2586628;4;45
r;54056842;141708;2586629;4;45
r;75803812;141708;161698;4;45
r;75803813;141708;2935005;4;45
r;75803814;141708;2946892;4;45
r;75803816;141708;3093591;4;45
r;75803815;141708;3093590;4;47
r;33609;141708;146881;4;55
r;32605559;141708;212235;4;56
r;572720;141708;171870;4;87