
e;143442;'les';1;64
e;171870;'Nom:';4;50
e;171869;'Adj:';4;50
e;2356740;'Pro:Pers';4;0
e;2586630;'Number:Plur';4;0
e;2586627;'Gender:Mas';4;0
e;2586628;'Gender:Fem';4;0
e;148899;'Pro:PL+P3';4;50
e;146906;'Det:InvGen+PL';4;50
e;147826;'Pro:';4;50
e;146907;'Det:Mas+PL';4;50
e;161754;'Det:Fem+PL';4;50
e;2931520;'Pro:Pers:COD';4;0
e;147628;'Det:';4;50
r;25885781;143442;171870;4;-30
r;418187901;143442;171869;4;25
r;48898716;143442;2356740;4;33
r;71823721;143442;2586630;4;45
r;71823722;143442;2586627;4;45
r;71823726;143442;2586628;4;45
r;34204;143442;148899;4;57
r;349865;143442;146906;4;60
r;12100527;143442;147826;4;60
r;71823720;143442;146907;4;65
r;71823725;143442;161754;4;65
r;71879345;143442;2931520;4;79
r;12100526;143442;147628;4;108