
e;51683;'lever';1;356
e;251716;'_INFO-MONOSEMIC';36;50
e;254878;'_POL-NEG_PC';36;50
e;317329;'_POLIT_7NOPOL';36;50
e;15991432;'_ANIME-NO';36;50
e;276096;'_INFO-WIKI-YES';36;50
e;254877;'_POL-NEUTRE_PC';36;50
e;223172;'_POL-NEG';36;50
e;214534;'_INFO-MEANING-FIGURED';36;50
e;191672;'_INFO-SEM-ACTION';36;36
e;217817;'_INFO-POLYSEMIC';36;50
e;438949;'_INFO-POLYMORPHIC';36;50
e;191741;'_INFO-VOC-COMMON';36;50
e;2585996;'_INFO-CNRTL-YES';36;50
e;254876;'_POL-POS_PC';36;50
e;241794;'_POL-NEUTRE';36;50
e;223173;'_POL-POS';36;50
r;414565845;51683;251716;36;-25
r;26883937;51683;254878;36;6
r;8925687;51683;317329;36;17
r;418189060;51683;15991432;36;25
r;286713529;51683;276096;36;27
r;2348993;51683;254877;36;32
r;26490739;51683;223172;36;36
r;52543007;51683;214534;36;40
r;11953832;51683;191672;36;41
r;1646218;51683;217817;36;42
r;18792404;51683;438949;36;44
r;739787;51683;191741;36;46
r;54727541;51683;2585996;36;56
r;9141187;51683;254876;36;62
r;2004290;51683;241794;36;178
r;9129753;51683;223173;36;343