
e;13652;'limité';1;102
e;254876;'_POL-POS_PC';36;50
e;254877;'_POL-NEUTRE_PC';36;50
e;276096;'_INFO-WIKI-YES';36;50
e;217817;'_INFO-POLYSEMIC';36;50
e;438949;'_INFO-POLYMORPHIC';36;50
e;254878;'_POL-NEG_PC';36;50
e;2585996;'_INFO-CNRTL-YES';36;50
e;223173;'_POL-POS';36;50
e;241794;'_POL-NEUTRE';36;50
e;223172;'_POL-NEG';36;50
r;11994502;13652;254876;36;23
r;27182398;13652;254877;36;29
r;34763924;13652;276096;36;40
r;29289083;13652;217817;36;40
r;34763904;13652;438949;36;41
r;9127916;13652;254878;36;47
r;55205392;13652;2585996;36;54
r;11935807;13652;223173;36;84
r;26510360;13652;241794;36;105
r;9122735;13652;223172;36;169