
e;92471;'linge';1;1116
e;3093590;'VerbalMode:Indicatif';4;0
e;14270798;'VerbalMode:Impératif';4;0
e;14270847;'Ver:ImPre+SG+P2';4;0
e;3093591;'VerbalMode:Subjonctif';4;0
e;14270944;'VerbalPers:P3';4;0
e;14270943;'VerbalPers:P2';4;0
e;14270942;'VerbalPers:P1';4;0
e;14270945;'VerbalNumber:SG';4;0
e;150120;'Ver:SPre+SG+P3';4;50
e;150119;'Ver:SPre+SG+P1';4;50
e;150118;'Ver:IPre+SG+P3';4;50
e;150117;'Ver:IPre+SG+P1';4;50
e;2586627;'Gender:Mas';4;0
e;2586629;'Number:Sing';4;0
e;2935005;'VerbalTime:Present';4;0
e;2946892;'Ver:Conjug';4;0
e;212235;'Ver:';4;50
e;146885;'Nom:Mas+SG';4;50
e;161698;'Ver:IPre+SG+P1:IPre+SG+P3:SPre+SG+P1:SPre+SG+P3:ImPre+SG+P2';4;50
e;171870;'Nom:';4;50
r;361877796;92471;3093590;4;25
r;361880427;92471;14270798;4;25
r;363205285;92471;14270847;4;25
r;363195655;92471;3093591;4;25
r;363026344;92471;14270944;4;25
r;363017336;92471;14270943;4;25
r;363008403;92471;14270942;4;25
r;362999545;92471;14270945;4;25
r;362990576;92471;150120;4;25
r;362981438;92471;150119;4;25
r;362972436;92471;150118;4;25
r;362963534;92471;150117;4;25
r;54136997;92471;2586627;4;45
r;54176153;92471;2586629;4;45
r;72092502;92471;2935005;4;45
r;72421713;92471;2946892;4;45
r;12100732;92471;212235;4;52
r;34586;92471;146885;4;56
r;349970;92471;161698;4;57
r;1946725;92471;171870;4;103