
e;131240;'lire';1;3074
e;251716;'_INFO-MONOSEMIC';36;50
e;254878;'_POL-NEG_PC';36;50
e;254877;'_POL-NEUTRE_PC';36;50
e;317329;'_POLIT_7NOPOL';36;50
e;248198;'_SEX_NO';36;50
e;276096;'_INFO-WIKI-YES';36;50
e;15991432;'_ANIME-NO';36;50
e;223172;'_POL-NEG';36;50
e;214534;'_INFO-MEANING-FIGURED';36;50
e;438949;'_INFO-POLYMORPHIC';36;50
e;2585996;'_INFO-CNRTL-YES';36;50
e;191741;'_INFO-VOC-COMMON';36;50
e;163012;'_INFO-NO-MORE-QUESTION';36;6094
e;217817;'_INFO-POLYSEMIC';36;50
e;254876;'_POL-POS_PC';36;50
e;241794;'_POL-NEUTRE';36;50
e;223173;'_POL-POS';36;50
r;310759860;131240;251716;36;-15
r;27543516;131240;254878;36;6
r;9196190;131240;254877;36;15
r;9156356;131240;317329;36;16
r;2190500;131240;248198;36;23
r;428965579;131240;276096;36;25
r;418191536;131240;15991432;36;25
r;26479711;131240;223172;36;35
r;52542462;131240;214534;36;40
r;15917360;131240;438949;36;46
r;54326141;131240;2585996;36;51
r;739812;131240;191741;36;54
r;430561;131240;163012;36;60
r;1712675;131240;217817;36;60
r;2335106;131240;254876;36;78
r;9183505;131240;241794;36;84
r;1993341;131240;223173;36;426