
e;71578;'lit';1;6032
e;3093590;'VerbalMode:Indicatif';4;0
e;14270944;'VerbalPers:P3';4;0
e;14270945;'VerbalNumber:SG';4;0
e;2586627;'Gender:Mas';4;0
e;2586629;'Number:Sing';4;0
e;2935005;'VerbalTime:Present';4;0
e;2946892;'Ver:Conjug';4;0
e;146885;'Nom:Mas+SG';4;50
e;150118;'Ver:IPre+SG+P3';4;50
e;212235;'Ver:';4;50
e;171870;'Nom:';4;50
r;361911313;71578;3093590;4;25
r;362922057;71578;14270944;4;25
r;362921778;71578;14270945;4;25
r;54137041;71578;2586627;4;45
r;54176197;71578;2586629;4;45
r;72092513;71578;2935005;4;45
r;72421724;71578;2946892;4;45
r;34751;71578;146885;4;51
r;350005;71578;150118;4;56
r;12100776;71578;212235;4;59
r;1409476;71578;171870;4;80