
e;40797;'lors';1;62
e;254878;'_POL-NEG_PC';36;50
e;223172;'_POL-NEG';36;50
e;217817;'_INFO-POLYSEMIC';36;50
e;276096;'_INFO-WIKI-YES';36;50
e;191741;'_INFO-VOC-COMMON';36;50
e;254876;'_POL-POS_PC';36;50
e;254877;'_POL-NEUTRE_PC';36;50
e;2585997;'_INFO-CNRTL-NO';36;50
e;223173;'_POL-POS';36;50
e;241794;'_POL-NEUTRE';36;50
r;76260476;40797;254878;36;2
r;27796444;40797;223172;36;16
r;390341183;40797;217817;36;25
r;361457204;40797;276096;36;28
r;739841;40797;191741;36;41
r;9290334;40797;254876;36;45
r;9290335;40797;254877;36;52
r;55137122;40797;2585997;36;102
r;9194617;40797;223173;36;308
r;9206087;40797;241794;36;353