
e;98135;'lumineux';1;268
e;251716;'_INFO-MONOSEMIC';36;50
e;254878;'_POL-NEG_PC';36;50
e;254877;'_POL-NEUTRE_PC';36;50
e;223172;'_POL-NEG';36;50
e;217817;'_INFO-POLYSEMIC';36;50
e;214534;'_INFO-MEANING-FIGURED';36;50
e;191741;'_INFO-VOC-COMMON';36;50
e;438949;'_INFO-POLYMORPHIC';36;50
e;276096;'_INFO-WIKI-YES';36;50
e;2585996;'_INFO-CNRTL-YES';36;50
e;254876;'_POL-POS_PC';36;50
e;241794;'_POL-NEUTRE';36;50
e;223173;'_POL-POS';36;50
r;310764956;98135;251716;36;-15
r;26714744;98135;254878;36;4
r;9231487;98135;254877;36;18
r;26669962;98135;223172;36;23
r;390342475;98135;217817;36;25
r;52640089;98135;214534;36;40
r;739857;98135;191741;36;43
r;16000623;98135;438949;36;43
r;27793548;98135;276096;36;45
r;54610650;98135;2585996;36;56
r;2328257;98135;254876;36;78
r;9212598;98135;241794;36;107
r;2007682;98135;223173;36;471