
e;5425;'machine';1;1184
e;14270798;'VerbalMode:Impératif';4;0
e;14270847;'Ver:ImPre+SG+P2';4;0
e;14270944;'VerbalPers:P3';4;0
e;14270943;'VerbalPers:P2';4;0
e;14270942;'VerbalPers:P1';4;0
e;14270945;'VerbalNumber:SG';4;0
e;150120;'Ver:SPre+SG+P3';4;50
e;150119;'Ver:SPre+SG+P1';4;50
e;150118;'Ver:IPre+SG+P3';4;50
e;150117;'Ver:IPre+SG+P1';4;50
e;2586628;'Gender:Fem';4;0
e;2586629;'Number:Sing';4;0
e;2935005;'VerbalTime:Present';4;0
e;2946892;'Ver:Conjug';4;0
e;3093591;'VerbalMode:Subjonctif';4;0
e;161698;'Ver:IPre+SG+P1:IPre+SG+P3:SPre+SG+P1:SPre+SG+P3:ImPre+SG+P2';4;50
e;171869;'Adj:';4;50
e;3093590;'VerbalMode:Indicatif';4;0
e;146881;'Nom:Fem+SG';4;50
e;212235;'Ver:';4;50
e;171870;'Nom:';4;50
r;361882438;5425;14270798;4;25
r;363203275;5425;14270847;4;25
r;363024336;5425;14270944;4;25
r;363015308;5425;14270943;4;25
r;363006396;5425;14270942;4;25
r;362997529;5425;14270945;4;25
r;362988535;5425;150120;4;25
r;362979420;5425;150119;4;25
r;362970427;5425;150118;4;25
r;362961517;5425;150117;4;25
r;54026805;5425;2586628;4;45
r;54057273;5425;2586629;4;45
r;72092544;5425;2935005;4;45
r;72421757;5425;2946892;4;45
r;75439658;5425;3093591;4;46
r;350122;5425;161698;4;52
r;32606924;5425;171869;4;52
r;75439657;5425;3093590;4;52
r;35307;5425;146881;4;55
r;12100990;5425;212235;4;60
r;1409917;5425;171870;4;106