
e;54228;'mais';1;144
e;146885;'Nom:Mas+SG';4;50
e;2586629;'Number:Sing';4;0
e;2586627;'Gender:Mas';4;0
e;2586630;'Number:Plur';4;0
e;146889;'Adv:';4;50
e;146887;'Nom:Mas+PL';4;50
e;146898;'Int:';4;50
e;171870;'Nom:';4;50
e;146896;'Con:';4;50
e;2339738;'Conj:Coord';4;0
e;150504;'Conj:';4;50
r;395346318;54228;146885;4;25
r;395521193;54228;2586629;4;25
r;54088106;54228;2586627;4;45
r;54108233;54228;2586630;4;45
r;35560;54228;146889;4;51
r;350161;54228;146887;4;54
r;35562;54228;146898;4;56
r;2271737;54228;171870;4;63
r;35561;54228;146896;4;66
r;34307939;54228;2339738;4;101
r;1410070;54228;150504;4;203