
e;4078;'mal';1;2720
e;254876;'_POL-POS_PC';36;50
e;254877;'_POL-NEUTRE_PC';36;50
e;317327;'_POLIT_6FN';36;50
e;317325;'_POLIT_4MD';36;50
e;317329;'_POLIT_7NOPOL';36;50
e;223173;'_POL-POS';36;50
e;248197;'_SEX_YES';36;50
e;276096;'_INFO-WIKI-YES';36;50
e;15991432;'_ANIME-NO';36;50
e;241794;'_POL-NEUTRE';36;50
e;248198;'_SEX_NO';36;50
e;214534;'_INFO-MEANING-FIGURED';36;50
e;323621;'_INFO-SEM-EMOTION-RELATED';36;50
e;217817;'_INFO-POLYSEMIC';36;50
e;191741;'_INFO-VOC-COMMON';36;50
e;163274;'_INFO-SEM-THING-ABSTR';36;578
e;438949;'_INFO-POLYMORPHIC';36;50
e;2585996;'_INFO-CNRTL-YES';36;50
e;163012;'_INFO-NO-MORE-QUESTION';36;6094
e;254878;'_POL-NEG_PC';36;50
e;223172;'_POL-NEG';36;50
r;2330049;4078;254876;36;1
r;2330050;4078;254877;36;1
r;83387559;4078;317327;36;11
r;8918989;4078;317325;36;17
r;8917930;4078;317329;36;19
r;1994364;4078;223173;36;24
r;2188370;4078;248197;36;24
r;433503859;4078;276096;36;25
r;417516247;4078;15991432;36;25
r;2018472;4078;241794;36;28
r;2190442;4078;248198;36;29
r;52531971;4078;214534;36;40
r;9278740;4078;323621;36;42
r;1640438;4078;217817;36;46
r;739892;4078;191741;36;48
r;618125;4078;163274;36;52
r;19252532;4078;438949;36;52
r;54673164;4078;2585996;36;52
r;653435;4078;163012;36;54
r;2330051;4078;254878;36;98
r;1993699;4078;223172;36;2588