
e;23665;'manque';1;690
e;146882;'Ver:Inf';4;50
e;14270798;'VerbalMode:Impératif';4;0
e;14270847;'Ver:ImPre+SG+P2';4;0
e;14270943;'VerbalPers:P2';4;0
e;14270942;'VerbalPers:P1';4;0
e;150119;'Ver:SPre+SG+P1';4;50
e;150117;'Ver:IPre+SG+P1';4;50
e;14270944;'VerbalPers:P3';4;0
e;14270945;'VerbalNumber:SG';4;0
e;150120;'Ver:SPre+SG+P3';4;50
e;150118;'Ver:IPre+SG+P3';4;50
e;2586628;'Gender:Fem';4;0
e;2586629;'Number:Sing';4;0
e;2586627;'Gender:Mas';4;0
e;2935005;'VerbalTime:Present';4;0
e;2946892;'Ver:Conjug';4;0
e;3093591;'VerbalMode:Subjonctif';4;0
e;3093590;'VerbalMode:Indicatif';4;0
e;146881;'Nom:Fem+SG';4;50
e;161731;'Ver:IPre+SG+P3:SPre+SG+P3';4;50
e;212235;'Ver:';4;50
e;161698;'Ver:IPre+SG+P1:IPre+SG+P3:SPre+SG+P1:SPre+SG+P3:ImPre+SG+P2';4;50
e;146885;'Nom:Mas+SG';4;50
e;171870;'Nom:';4;50
r;394169006;23665;146882;4;-25
r;361881217;23665;14270798;4;25
r;363204495;23665;14270847;4;25
r;363016545;23665;14270943;4;25
r;363007615;23665;14270942;4;25
r;362980647;23665;150119;4;25
r;362962741;23665;150117;4;25
r;362920463;23665;14270944;4;25
r;362920436;23665;14270945;4;25
r;362920405;23665;150120;4;25
r;362920374;23665;150118;4;25
r;54026977;23665;2586628;4;45
r;54057450;23665;2586629;4;45
r;54137380;23665;2586627;4;45
r;72092566;23665;2935005;4;45
r;72421782;23665;2946892;4;45
r;76197128;23665;3093591;4;45
r;76197127;23665;3093590;4;50
r;35943;23665;146881;4;51
r;350228;23665;161731;4;52
r;12101189;23665;212235;4;52
r;350227;23665;161698;4;55
r;35944;23665;146885;4;65
r;1410376;23665;171870;4;124