
e;11598;'manquer';1;412
e;317329;'_POLIT_7NOPOL';36;50
e;248197;'_SEX_YES';36;50
e;254876;'_POL-POS_PC';36;50
e;254877;'_POL-NEUTRE_PC';36;50
e;223173;'_POL-POS';36;50
e;317324;'_POLIT_3PS';36;50
e;317323;'_POLIT_2PG';36;50
e;241794;'_POL-NEUTRE';36;50
e;273221;'_INFO-WIKI-NO';36;50
e;214534;'_INFO-MEANING-FIGURED';36;50
e;217817;'_INFO-POLYSEMIC';36;50
e;2585996;'_INFO-CNRTL-YES';36;50
e;191741;'_INFO-VOC-COMMON';36;50
e;254878;'_POL-NEG_PC';36;50
e;223172;'_POL-NEG';36;50
r;9097550;11598;317329;36;-1
r;389930823;11598;248197;36;1
r;2346744;11598;254876;36;2
r;2346745;11598;254877;36;4
r;2009586;11598;223173;36;16
r;11686096;11598;317324;36;16
r;20917286;11598;317323;36;16
r;2009771;11598;241794;36;31
r;30317886;11598;273221;36;40
r;52553312;11598;214534;36;40
r;1659167;11598;217817;36;45
r;54757587;11598;2585996;36;54
r;739914;11598;191741;36;57
r;2346746;11598;254878;36;94
r;2018040;11598;223172;36;727