
e;146274;'marché';1;1114
e;146882;'Ver:Inf';4;50
e;146888;'Adj:Mas+SG';4;50
e;171869;'Adj:';4;50
e;161702;'Ver:PPas';4;50
e;2586627;'Gender:Mas';4;0
e;2586629;'Number:Sing';4;0
e;212235;'Ver:';4;50
e;146885;'Nom:Mas+SG';4;50
e;161699;'Ver:PPas+Mas+SG';4;50
e;171870;'Nom:';4;50
r;417020765;146274;146882;4;-25
r;105172306;146274;146888;4;26
r;2262771;146274;171869;4;35
r;2249064;146274;161702;4;42
r;54137410;146274;2586627;4;45
r;54176559;146274;2586629;4;45
r;12101238;146274;212235;4;52
r;36056;146274;146885;4;54
r;350274;146274;161699;4;58
r;1410462;146274;171870;4;75