
e;16964;'marcher';1;2528
e;254878;'_POL-NEG_PC';36;50
e;248198;'_SEX_NO';36;50
e;317329;'_POLIT_7NOPOL';36;50
e;15991432;'_ANIME-NO';36;50
e;223172;'_POL-NEG';36;50
e;254876;'_POL-POS_PC';36;50
e;217817;'_INFO-POLYSEMIC';36;50
e;214534;'_INFO-MEANING-FIGURED';36;50
e;276096;'_INFO-WIKI-YES';36;50
e;163012;'_INFO-NO-MORE-QUESTION';36;6094
e;2585996;'_INFO-CNRTL-YES';36;50
e;191741;'_INFO-VOC-COMMON';36;50
e;254877;'_POL-NEUTRE_PC';36;50
e;223173;'_POL-POS';36;50
e;241794;'_POL-NEUTRE';36;50
r;27441884;16964;254878;36;2
r;9070659;16964;248198;36;18
r;8917468;16964;317329;36;19
r;418197952;16964;15991432;36;25
r;26531055;16964;223172;36;27
r;2333019;16964;254876;36;35
r;1700246;16964;217817;36;40
r;52554127;16964;214534;36;40
r;8893902;16964;276096;36;43
r;1572646;16964;163012;36;51
r;54616637;16964;2585996;36;60
r;739924;16964;191741;36;61
r;2333020;16964;254877;36;78
r;1994705;16964;223173;36;261
r;1993141;16964;241794;36;1018