
e;421053;'marchait';1;50
e;14270944;'VerbalPers:P3';4;0
e;14270945;'VerbalNumber:SG';4;0
e;14271094;'VerbalTime:Imparfait';4;0
e;2935006;'VerbalTime:Past';4;0
e;2946892;'Ver:Conjug';4;0
e;3093590;'VerbalMode:Indicatif';4;0
e;161747;'Ver:IImp+SG+P3';4;50
e;212235;'Ver:';4;50
r;363316548;421053;14270944;4;25
r;363308287;421053;14270945;4;25
r;363300026;421053;14271094;4;25
r;72116283;421053;2935006;4;45
r;72423983;421053;2946892;4;45
r;75966072;421053;3093590;4;45
r;14356662;421053;161747;4;56
r;14356663;421053;212235;4;60