
e;67639;'merci';1;248
e;146889;'Adv:';4;50
e;313835;'Expression:';4;50
e;2586628;'Gender:Fem';4;0
e;2586629;'Number:Sing';4;0
e;2586627;'Gender:Mas';4;0
e;146881;'Nom:Fem+SG';4;50
e;146885;'Nom:Mas+SG';4;50
e;146898;'Int:';4;50
e;171870;'Nom:';4;50
r;394333046;67639;146889;4;25
r;395404662;67639;313835;4;25
r;54027181;67639;2586628;4;45
r;54057673;67639;2586629;4;45
r;54137632;67639;2586627;4;45
r;36931;67639;146881;4;54
r;36932;67639;146885;4;56
r;36930;67639;146898;4;57
r;1411091;67639;171870;4;60