
e;35394;'mesures';1;102
e;14270943;'VerbalPers:P2';4;0
e;14270945;'VerbalNumber:SG';4;0
e;161718;'Ver:SPre+SG+P2';4;50
e;161717;'Ver:IPre+SG+P2';4;50
e;2586628;'Gender:Fem';4;0
e;2586630;'Number:Plur';4;0
e;2935005;'VerbalTime:Present';4;0
e;2946892;'Ver:Conjug';4;0
e;3093590;'VerbalMode:Indicatif';4;0
e;3093591;'VerbalMode:Subjonctif';4;0
e;212235;'Ver:';4;50
e;146893;'Nom:Fem+PL';4;50
e;161710;'Ver:IPre+SG+P2:SPre+SG+P2';4;50
e;171870;'Nom:';4;50
r;362955257;35394;14270943;4;25
r;362946862;35394;14270945;4;25
r;362938427;35394;161718;4;25
r;362929939;35394;161717;4;25
r;53987531;35394;2586628;4;45
r;54003621;35394;2586630;4;45
r;72092624;35394;2935005;4;45
r;72421843;35394;2946892;4;45
r;75789504;35394;3093590;4;45
r;75789505;35394;3093591;4;45
r;12101799;35394;212235;4;53
r;37056;35394;146893;4;54
r;350517;35394;161710;4;59
r;2272312;35394;171870;4;62