
e;132366;'mettre';1;744
e;254878;'_POL-NEG_PC';36;50
e;254876;'_POL-POS_PC';36;50
e;317329;'_POLIT_7NOPOL';36;50
e;248197;'_SEX_YES';36;50
e;273221;'_INFO-WIKI-NO';36;50
e;248198;'_SEX_NO';36;50
e;214534;'_INFO-MEANING-FIGURED';36;50
e;2355199;'_OCC-IGNORE';36;0
e;191741;'_INFO-VOC-COMMON';36;50
e;2585996;'_INFO-CNRTL-YES';36;50
e;223172;'_POL-NEG';36;50
e;223173;'_POL-POS';36;50
e;254877;'_POL-NEUTRE_PC';36;50
e;217817;'_INFO-POLYSEMIC';36;50
e;241794;'_POL-NEUTRE';36;50
r;9120586;132366;254878;36;4
r;2327514;132366;254876;36;6
r;8923396;132366;317329;36;28
r;2188367;132366;248197;36;30
r;91479022;132366;273221;36;30
r;2190885;132366;248198;36;34
r;52633130;132366;214534;36;40
r;46458733;132366;2355199;36;42
r;740017;132366;191741;36;56
r;54725280;132366;2585996;36;57
r;9110732;132366;223172;36;67
r;2009948;132366;223173;36;86
r;2327515;132366;254877;36;90
r;9054775;132366;217817;36;105
r;2050799;132366;241794;36;1339