
e;105302;'meubles';1;206
e;14270943;'VerbalPers:P2';4;0
e;14270945;'VerbalNumber:SG';4;0
e;161718;'Ver:SPre+SG+P2';4;50
e;161717;'Ver:IPre+SG+P2';4;50
e;147151;'Adj:Mas+PL';4;50
e;3093591;'VerbalMode:Subjonctif';4;0
e;149404;'Adj:Fem+PL';4;50
e;3093590;'VerbalMode:Indicatif';4;0
e;2586634;'Gender:Inv';4;0
e;2935005;'VerbalTime:Present';4;0
e;2946892;'Ver:Conjug';4;0
e;2586628;'Gender:Fem';4;0
e;2586627;'Gender:Mas';4;0
e;2586630;'Number:Plur';4;0
e;212235;'Ver:';4;50
e;146909;'Adj:InvGen+PL';4;50
e;161710;'Ver:IPre+SG+P2:SPre+SG+P2';4;50
e;146887;'Nom:Mas+PL';4;50
e;171869;'Adj:';4;50
e;171870;'Nom:';4;50
r;362953283;105302;14270943;4;25
r;362944887;105302;14270945;4;25
r;362936406;105302;161718;4;25
r;362927939;105302;161717;4;25
r;16080263;105302;147151;4;26
r;85997367;105302;3093591;4;28
r;16079360;105302;149404;4;29
r;85997368;105302;3093590;4;31
r;53933779;105302;2586634;4;45
r;72092633;105302;2935005;4;45
r;72421852;105302;2946892;4;45
r;53900476;105302;2586628;4;46
r;53948810;105302;2586627;4;46
r;53910997;105302;2586630;4;47
r;12101853;105302;212235;4;52
r;350545;105302;146909;4;53
r;350547;105302;161710;4;54
r;350546;105302;146887;4;57
r;12101852;105302;171869;4;62
r;2271763;105302;171870;4;67