
e;22283;'mignardises';1;50
e;14270943;'VerbalPers:P2';4;0
e;14270945;'VerbalNumber:SG';4;0
e;161718;'Ver:SPre+SG+P2';4;50
e;161717;'Ver:IPre+SG+P2';4;50
e;3093590;'VerbalMode:Indicatif';4;0
e;2946892;'Ver:Conjug';4;0
e;161710;'Ver:IPre+SG+P2:SPre+SG+P2';4;50
e;3093591;'VerbalMode:Subjonctif';4;0
e;2935005;'VerbalTime:Present';4;0
e;212235;'Ver:';4;50
e;2586628;'Gender:Fem';4;0
e;2586630;'Number:Plur';4;0
e;146893;'Nom:Fem+PL';4;50
e;171870;'Nom:';4;50
r;362949023;22283;14270943;4;25
r;362940581;22283;14270945;4;25
r;362932113;22283;161718;4;25
r;362923605;22283;161717;4;25
r;212971274;22283;3093590;4;27
r;212971276;22283;2946892;4;28
r;212971277;22283;161710;4;29
r;212971273;22283;3093591;4;29
r;212971275;22283;2935005;4;32
r;212971278;22283;212235;4;35
r;53988095;22283;2586628;4;45
r;54004185;22283;2586630;4;45
r;350565;22283;146893;4;56
r;2272731;22283;171870;4;65