
e;129530;'minuscule';1;510
e;254878;'_POL-NEG_PC';36;50
e;317329;'_POLIT_7NOPOL';36;50
e;248198;'_SEX_NO';36;50
e;276096;'_INFO-WIKI-YES';36;50
e;217817;'_INFO-POLYSEMIC';36;50
e;15991432;'_ANIME-NO';36;50
e;248197;'_SEX_YES';36;50
e;254876;'_POL-POS_PC';36;50
e;191741;'_INFO-VOC-COMMON';36;50
e;438949;'_INFO-POLYMORPHIC';36;50
e;2585996;'_INFO-CNRTL-YES';36;50
e;254877;'_POL-NEUTRE_PC';36;50
e;223172;'_POL-NEG';36;50
e;223173;'_POL-POS';36;50
e;241794;'_POL-NEUTRE';36;50
r;2382129;129530;254878;36;16
r;9268950;129530;317329;36;16
r;2190938;129530;248198;36;19
r;434997319;129530;276096;36;25
r;374647886;129530;217817;36;25
r;418209588;129530;15991432;36;25
r;2478244;129530;248197;36;27
r;9159325;129530;254876;36;28
r;740042;129530;191741;36;35
r;18719866;129530;438949;36;49
r;54887253;129530;2585996;36;54
r;2382128;129530;254877;36;56
r;2151290;129530;223172;36;119
r;9148125;129530;223173;36;212
r;2033122;129530;241794;36;413