
e;129530;'minuscule';1;510
e;146885;'Nom:Mas+SG';4;50
e;146888;'Adj:Mas+SG';4;50
e;146894;'Adj:Fem+SG';4;50
e;2586634;'Gender:Inv';4;0
e;2586627;'Gender:Mas';4;0
e;2586628;'Gender:Fem';4;0
e;2586629;'Number:Sing';4;0
e;146881;'Nom:Fem+SG';4;50
e;171869;'Adj:';4;50
e;146883;'Adj:InvGen+SG';4;50
e;171870;'Nom:';4;50
r;427746411;129530;146885;4;25
r;16090477;129530;146888;4;29
r;16085057;129530;146894;4;45
r;53939638;129530;2586634;4;45
r;53974185;129530;2586627;4;45
r;53927376;129530;2586628;4;46
r;53945078;129530;2586629;4;47
r;37556;129530;146881;4;53
r;1411726;129530;171869;4;54
r;37555;129530;146883;4;58
r;1411727;129530;171870;4;60