
e;97448;'mis';1;74
e;14270943;'VerbalPers:P2';4;0
e;14270942;'VerbalPers:P1';4;0
e;14270945;'VerbalNumber:SG';4;0
e;161738;'Ver:IPSim+SG+P1';4;50
e;161736;'Ver:IPSim+SG+P2';4;50
e;3093590;'VerbalMode:Indicatif';4;0
e;14271095;'VerbalTime:PasséSimple';4;0
e;2946892;'Ver:Conjug';4;0
e;161702;'Ver:PPas';4;50
e;2586627;'Gender:Mas';4;0
e;2586629;'Number:Sing';4;0
e;146888;'Adj:Mas+SG';4;50
e;147151;'Adj:Mas+PL';4;50
e;2586630;'Number:Plur';4;0
e;2935006;'VerbalTime:Past';4;0
e;161712;'Ver:PPas+Mas+SG:PPas+Mas+PL:IPSim+SG+P1:IPSim+SG+P2';4;50
e;146892;'Adj:Mas+InvPL';4;50
e;161716;'Ver:PPas+Mas+SG:IPSim+SG+P1:IPSim+SG+P2';4;50
e;212235;'Ver:';4;50
e;171869;'Adj:';4;50
r;362914970;97448;14270943;4;25
r;362914944;97448;14270942;4;25
r;362914918;97448;14270945;4;25
r;363810062;97448;161738;4;25
r;363810088;97448;161736;4;25
r;363811471;97448;3093590;4;25
r;363811521;97448;14271095;4;25
r;363811897;97448;2946892;4;25
r;77359284;97448;161702;4;27
r;105148785;97448;2586627;4;28
r;105149556;97448;2586629;4;28
r;105148078;97448;146888;4;29
r;119740800;97448;147151;4;30
r;105150107;97448;2586630;4;31
r;72154791;97448;2935006;4;45
r;350632;97448;161712;4;51
r;37642;97448;146892;4;54
r;350633;97448;161716;4;58
r;12102011;97448;212235;4;58
r;12102012;97448;171869;4;74