
e;136307;'moderne';1;636
e;251716;'_INFO-MONOSEMIC';36;50
e;248198;'_SEX_NO';36;50
e;254878;'_POL-NEG_PC';36;50
e;317329;'_POLIT_7NOPOL';36;50
e;276096;'_INFO-WIKI-YES';36;50
e;217817;'_INFO-POLYSEMIC';36;50
e;254877;'_POL-NEUTRE_PC';36;50
e;191741;'_INFO-VOC-COMMON';36;50
e;223172;'_POL-NEG';36;50
e;438949;'_INFO-POLYMORPHIC';36;50
e;2585996;'_INFO-CNRTL-YES';36;50
e;254876;'_POL-POS_PC';36;50
e;241794;'_POL-NEUTRE';36;50
e;223173;'_POL-POS';36;50
r;310675412;136307;251716;36;-15
r;385052798;136307;248198;36;1
r;2329246;136307;254878;36;5
r;9182369;136307;317329;36;18
r;426598023;136307;276096;36;25
r;390364643;136307;217817;36;25
r;2329245;136307;254877;36;29
r;740058;136307;191741;36;35
r;2018310;136307;223172;36;37
r;28646318;136307;438949;36;56
r;54673545;136307;2585996;36;57
r;2329244;136307;254876;36;66
r;1992666;136307;241794;36;208
r;1993238;136307;223173;36;470