
e;136307;'moderne';1;636
e;14270798;'VerbalMode:Impératif';4;0
e;14270847;'Ver:ImPre+SG+P2';4;0
e;14270944;'VerbalPers:P3';4;0
e;14270943;'VerbalPers:P2';4;0
e;14270942;'VerbalPers:P1';4;0
e;14270945;'VerbalNumber:SG';4;0
e;150120;'Ver:SPre+SG+P3';4;50
e;150119;'Ver:SPre+SG+P1';4;50
e;150118;'Ver:IPre+SG+P3';4;50
e;150117;'Ver:IPre+SG+P1';4;50
e;212235;'Ver:';4;50
e;146889;'Adv:';4;50
e;2946892;'Ver:Conjug';4;0
e;3093591;'VerbalMode:Subjonctif';4;0
e;146881;'Nom:Fem+SG';4;50
e;146888;'Adj:Mas+SG';4;50
e;161698;'Ver:IPre+SG+P1:IPre+SG+P3:SPre+SG+P1:SPre+SG+P3:ImPre+SG+P2';4;50
e;2935005;'VerbalTime:Present';4;0
e;3093590;'VerbalMode:Indicatif';4;0
e;146894;'Adj:Fem+SG';4;50
e;2586634;'Gender:Inv';4;0
e;2586627;'Gender:Mas';4;0
e;2586628;'Gender:Fem';4;0
e;2586629;'Number:Sing';4;0
e;146883;'Adj:InvGen+SG';4;50
e;146885;'Nom:Mas+SG';4;50
e;146884;'Nom:InvGen+SG';4;50
e;171870;'Nom:';4;50
e;171869;'Adj:';4;50
r;361885128;136307;14270798;4;25
r;363200248;136307;14270847;4;25
r;363021578;136307;14270944;4;25
r;363012610;136307;14270943;4;25
r;363003702;136307;14270942;4;25
r;362994823;136307;14270945;4;25
r;362985675;136307;150120;4;25
r;362976709;136307;150119;4;25
r;362967733;136307;150118;4;25
r;362958801;136307;150117;4;25
r;77666285;136307;212235;4;26
r;481217;136307;146889;4;29
r;77666287;136307;2946892;4;30
r;77666289;136307;3093591;4;32
r;16071695;136307;146881;4;34
r;16090499;136307;146888;4;34
r;77666284;136307;161698;4;34
r;77666286;136307;2935005;4;35
r;77666288;136307;3093590;4;36
r;16085079;136307;146894;4;42
r;53939660;136307;2586634;4;45
r;53974207;136307;2586627;4;45
r;53927398;136307;2586628;4;46
r;53945100;136307;2586629;4;47
r;37785;136307;146883;4;53
r;37787;136307;146885;4;54
r;37786;136307;146884;4;58
r;1411930;136307;171870;4;60
r;1411931;136307;171869;4;65