
e;26607;'mou';1;644
e;254876;'_POL-POS_PC';36;50
e;317329;'_POLIT_7NOPOL';36;50
e;317324;'_POLIT_3PS';36;50
e;1912988;'_INFO-COUNTABLE-NO';36;0
e;15991431;'_ANIME-YES';36;50
e;15991432;'_ANIME-NO';36;50
e;248197;'_SEX_YES';36;50
e;163151;'_INFO-SEM-SUBST';36;286
e;248198;'_SEX_NO';36;50
e;191741;'_INFO-VOC-COMMON';36;50
e;254878;'_POL-NEG_PC';36;50
e;276096;'_INFO-WIKI-YES';36;50
e;214534;'_INFO-MEANING-FIGURED';36;50
e;162761;'_INFO-SEM-PERS';36;732
e;191669;'_INFO-SEM-LIVING-BEING';36;160
e;438949;'_INFO-POLYMORPHIC';36;50
e;217817;'_INFO-POLYSEMIC';36;50
e;254877;'_POL-NEUTRE_PC';36;50
e;2585996;'_INFO-CNRTL-YES';36;50
e;191671;'_INFO-SEM-CARAC';36;144
e;163012;'_INFO-NO-MORE-QUESTION';36;6094
e;223173;'_POL-POS';36;50
e;223172;'_POL-NEG';36;50
e;241794;'_POL-NEUTRE';36;50
r;2454691;26607;254876;36;10
r;8919613;26607;317329;36;10
r;8917975;26607;317324;36;17
r;97129127;26607;1912988;36;23
r;417384693;26607;15991431;36;25
r;417887251;26607;15991432;36;25
r;2188875;26607;248197;36;28
r;97129126;26607;163151;36;28
r;2189876;26607;248198;36;29
r;740102;26607;191741;36;35
r;2340591;26607;254878;36;39
r;72863783;26607;276096;36;40
r;52639461;26607;214534;36;40
r;59816358;26607;162761;36;40
r;60002129;26607;191669;36;40
r;18713282;26607;438949;36;47
r;1646086;26607;217817;36;48
r;11608775;26607;254877;36;52
r;54716229;26607;2585996;36;54
r;1566755;26607;191671;36;58
r;1574726;26607;163012;36;59
r;2452148;26607;223173;36;83
r;1999047;26607;223172;36;329
r;11602685;26607;241794;36;438