
e;34933;'moyen';1;408
e;248198;'_SEX_NO';36;50
e;317324;'_POLIT_3PS';36;50
e;317329;'_POLIT_7NOPOL';36;50
e;317325;'_POLIT_4MD';36;50
e;254876;'_POL-POS_PC';36;50
e;15991432;'_ANIME-NO';36;50
e;15991431;'_ANIME-YES';36;50
e;162761;'_INFO-SEM-PERS';36;732
e;191669;'_INFO-SEM-LIVING-BEING';36;160
e;276096;'_INFO-WIKI-YES';36;50
e;254877;'_POL-NEUTRE_PC';36;50
e;438949;'_INFO-POLYMORPHIC';36;50
e;254878;'_POL-NEG_PC';36;50
e;217817;'_INFO-POLYSEMIC';36;50
e;191741;'_INFO-VOC-COMMON';36;50
e;2585996;'_INFO-CNRTL-YES';36;50
e;223173;'_POL-POS';36;50
e;241794;'_POL-NEUTRE';36;50
e;223172;'_POL-NEG';36;50
r;97133127;34933;248198;36;11
r;8928495;34933;317324;36;16
r;8928496;34933;317329;36;16
r;11937705;34933;317325;36;16
r;2321266;34933;254876;36;23
r;418215547;34933;15991432;36;25
r;418215553;34933;15991431;36;25
r;418215554;34933;162761;36;25
r;418462556;34933;191669;36;25
r;375250053;34933;276096;36;26
r;9131995;34933;254877;36;28
r;21926289;34933;438949;36;46
r;2321267;34933;254878;36;48
r;1593148;34933;217817;36;49
r;740118;34933;191741;36;51
r;54724787;34933;2585996;36;60
r;2012329;34933;223173;36;249
r;9127336;34933;241794;36;304
r;1999573;34933;223172;36;514