
e;143987;'ménage';1;796
e;3093590;'VerbalMode:Indicatif';4;0
e;14270798;'VerbalMode:Impératif';4;0
e;14270847;'Ver:ImPre+SG+P2';4;0
e;3093591;'VerbalMode:Subjonctif';4;0
e;14270944;'VerbalPers:P3';4;0
e;14270943;'VerbalPers:P2';4;0
e;14270942;'VerbalPers:P1';4;0
e;14270945;'VerbalNumber:SG';4;0
e;150120;'Ver:SPre+SG+P3';4;50
e;150119;'Ver:SPre+SG+P1';4;50
e;150118;'Ver:IPre+SG+P3';4;50
e;150117;'Ver:IPre+SG+P1';4;50
e;2586627;'Gender:Mas';4;0
e;2586629;'Number:Sing';4;0
e;2935005;'VerbalTime:Present';4;0
e;2946892;'Ver:Conjug';4;0
e;146885;'Nom:Mas+SG';4;50
e;161698;'Ver:IPre+SG+P1:IPre+SG+P3:SPre+SG+P1:SPre+SG+P3:ImPre+SG+P2';4;50
e;212235;'Ver:';4;50
e;171870;'Nom:';4;50
r;361877889;143987;3093590;4;25
r;361881214;143987;14270798;4;25
r;363204498;143987;14270847;4;25
r;363195466;143987;3093591;4;25
r;363025557;143987;14270944;4;25
r;363016548;143987;14270943;4;25
r;363007618;143987;14270942;4;25
r;362998750;143987;14270945;4;25
r;362989769;143987;150120;4;25
r;362980650;143987;150119;4;25
r;362971649;143987;150118;4;25
r;362962744;143987;150117;4;25
r;54137601;143987;2586627;4;45
r;54176747;143987;2586629;4;45
r;72092613;143987;2935005;4;45
r;72421831;143987;2946892;4;45
r;36810;143987;146885;4;51
r;350457;143987;161698;4;55
r;12101659;143987;212235;4;60
r;1410987;143987;171870;4;75