
e;146381;'même';1;178
e;254878;'_POL-NEG_PC';36;50
e;317329;'_POLIT_7NOPOL';36;50
e;248198;'_SEX_NO';36;50
e;217817;'_INFO-POLYSEMIC';36;50
e;276096;'_INFO-WIKI-YES';36;50
e;254876;'_POL-POS_PC';36;50
e;223172;'_POL-NEG';36;50
e;438949;'_INFO-POLYMORPHIC';36;50
e;2585996;'_INFO-CNRTL-YES';36;50
e;254877;'_POL-NEUTRE_PC';36;50
e;191741;'_INFO-VOC-COMMON';36;50
e;223173;'_POL-POS';36;50
e;241794;'_POL-NEUTRE';36;50
r;2570110;146381;254878;36;6
r;8927689;146381;317329;36;17
r;10738371;146381;248198;36;17
r;390355682;146381;217817;36;25
r;433992531;146381;276096;36;25
r;2570109;146381;254876;36;39
r;2568835;146381;223172;36;40
r;19261012;146381;438949;36;51
r;54793784;146381;2585996;36;51
r;2404045;146381;254877;36;55
r;739980;146381;191741;36;59
r;2569383;146381;223173;36;264
r;2007119;146381;241794;36;374