
e;138276;'n';1;924
e;171869;'Adj:';4;50
e;146887;'Nom:Mas+PL';4;50
e;146885;'Nom:Mas+SG';4;50
e;2586627;'Gender:Mas';4;0
e;2586637;'Number:Inv';4;0
e;2586630;'Number:Plur';4;0
e;2586629;'Number:Sing';4;0
e;146886;'Nom:Mas+InvPL';4;50
e;171870;'Nom:';4;50
r;531522;138276;171869;4;-26
r;15818844;138276;146887;4;27
r;15820617;138276;146885;4;29
r;54084629;138276;2586627;4;45
r;54086495;138276;2586637;4;45
r;54111031;138276;2586630;4;45
r;54194471;138276;2586629;4;45
r;39559;138276;146886;4;52
r;2273264;138276;171870;4;65