
e;145410;'ne';1;60
e;254876;'_POL-POS_PC';36;50
e;273221;'_INFO-WIKI-NO';36;50
e;254878;'_POL-NEG_PC';36;50
e;254877;'_POL-NEUTRE_PC';36;50
e;2585997;'_INFO-CNRTL-NO';36;50
e;223173;'_POL-POS';36;50
e;2355199;'_OCC-IGNORE';36;0
e;223172;'_POL-NEG';36;50
e;241794;'_POL-NEUTRE';36;50
r;26993182;145410;254876;36;16
r;280704135;145410;273221;36;28
r;9298579;145410;254878;36;35
r;26993183;145410;254877;36;49
r;55011917;145410;2585997;36;55
r;26238271;145410;223173;36;85
r;46458740;145410;2355199;36;176
r;9122089;145410;223172;36;187
r;26485067;145410;241794;36;263