
e;158767;'nets';1;64
e;254878;'_POL-NEG_PC';36;50
e;223172;'_POL-NEG';36;50
e;438949;'_INFO-POLYMORPHIC';36;50
e;273221;'_INFO-WIKI-NO';36;50
e;1912917;'_INFO-COUNTABLE-YES';36;0
e;254877;'_POL-NEUTRE_PC';36;50
e;254876;'_POL-POS_PC';36;50
e;241794;'_POL-NEUTRE';36;50
e;223173;'_POL-POS';36;50
r;26784769;158767;254878;36;11
r;26784766;158767;223172;36;28
r;77821726;158767;438949;36;30
r;211678663;158767;273221;36;33
r;32954530;158767;1912917;36;40
r;26784768;158767;254877;36;42
r;26784767;158767;254876;36;47
r;26549655;158767;241794;36;107
r;26549654;158767;223173;36;122