
e;85286;'nettoyer';1;2440
e;317329;'_POLIT_7NOPOL';36;50
e;254878;'_POL-NEG_PC';36;50
e;254877;'_POL-NEUTRE_PC';36;50
e;317326;'_POLIT_5UMP';36;50
e;251717;'_INFO-MEANING-LITERAL';36;50
e;394107;'_INFO-MEANING-PREFERED';36;50
e;248198;'_SEX_NO';36;50
e;191741;'_INFO-VOC-COMMON';36;50
e;273221;'_INFO-WIKI-NO';36;50
e;214534;'_INFO-MEANING-FIGURED';36;50
e;223172;'_POL-NEG';36;50
e;2585996;'_INFO-CNRTL-YES';36;50
e;217817;'_INFO-POLYSEMIC';36;50
e;254876;'_POL-POS_PC';36;50
e;241794;'_POL-NEUTRE';36;50
e;223173;'_POL-POS';36;50
r;8925807;85286;317329;36;-1
r;2329208;85286;254878;36;6
r;2329207;85286;254877;36;13
r;8925806;85286;317326;36;16
r;98281659;85286;251717;36;28
r;98281660;85286;394107;36;28
r;2188836;85286;248198;36;30
r;740177;85286;191741;36;40
r;30364355;85286;273221;36;40
r;52559755;85286;214534;36;40
r;2001884;85286;223172;36;45
r;54617109;85286;2585996;36;54
r;15769370;85286;217817;36;55
r;2329206;85286;254876;36;81
r;1996073;85286;241794;36;97
r;2011646;85286;223173;36;598