
e;28399;'neuf';1;1694
e;146887;'Nom:Mas+PL';4;50
e;2586627;'Gender:Mas';4;0
e;2586637;'Number:Inv';4;0
e;2586630;'Number:Plur';4;0
e;147812;'Adj:Card';4;50
e;2586629;'Number:Sing';4;0
e;146906;'Det:InvGen+PL';4;50
e;146885;'Nom:Mas+SG';4;50
e;147628;'Det:';4;50
e;146888;'Adj:Mas+SG';4;50
e;146886;'Nom:Mas+InvPL';4;50
e;171870;'Nom:';4;50
e;171869;'Adj:';4;50
r;15818837;28399;146887;4;26
r;53968348;28399;2586627;4;45
r;54086487;28399;2586637;4;45
r;54111024;28399;2586630;4;45
r;72578379;28399;147812;4;45
r;53982744;28399;2586629;4;46
r;39326;28399;146906;4;54
r;39328;28399;146885;4;54
r;12102722;28399;147628;4;54
r;39325;28399;146888;4;57
r;39327;28399;146886;4;59
r;1413169;28399;171870;4;73
r;1413170;28399;171869;4;76