
e;84631;'nickel';1;154
e;254878;'_POL-NEG_PC';36;50
e;317329;'_POLIT_7NOPOL';36;50
e;254877;'_POL-NEUTRE_PC';36;50
e;276096;'_INFO-WIKI-YES';36;50
e;15991432;'_ANIME-NO';36;50
e;223172;'_POL-NEG';36;50
e;163151;'_INFO-SEM-SUBST';36;286
e;1912988;'_INFO-COUNTABLE-NO';36;0
e;217817;'_INFO-POLYSEMIC';36;50
e;438949;'_INFO-POLYMORPHIC';36;50
e;2585996;'_INFO-CNRTL-YES';36;50
e;254876;'_POL-POS_PC';36;50
e;241794;'_POL-NEUTRE';36;50
e;223173;'_POL-POS';36;50
r;27340673;84631;254878;36;6
r;9075263;84631;317329;36;16
r;9254381;84631;254877;36;23
r;433850937;84631;276096;36;25
r;418222201;84631;15991432;36;25
r;27317731;84631;223172;36;29
r;14402205;84631;163151;36;40
r;30793324;84631;1912988;36;40
r;1856110;84631;217817;36;48
r;19249885;84631;438949;36;53
r;54744626;84631;2585996;36;56
r;2338943;84631;254876;36;71
r;9211048;84631;241794;36;116
r;1995414;84631;223173;36;358