
e;64834;'nombres';1;98
e;14270943;'VerbalPers:P2';4;0
e;14270945;'VerbalNumber:SG';4;0
e;161718;'Ver:SPre+SG+P2';4;50
e;161717;'Ver:IPre+SG+P2';4;50
e;3093591;'VerbalMode:Subjonctif';4;0
e;3093590;'VerbalMode:Indicatif';4;0
e;2586627;'Gender:Mas';4;0
e;2586630;'Number:Plur';4;0
e;2935005;'VerbalTime:Present';4;0
e;2946892;'Ver:Conjug';4;0
e;161710;'Ver:IPre+SG+P2:SPre+SG+P2';4;50
e;212235;'Ver:';4;50
e;146887;'Nom:Mas+PL';4;50
e;171870;'Nom:';4;50
r;362954453;64834;14270943;4;25
r;362946059;64834;14270945;4;25
r;362937592;64834;161718;4;25
r;362929128;64834;161717;4;25
r;76802845;64834;3093591;4;26
r;76802846;64834;3093590;4;34
r;54088174;64834;2586627;4;45
r;54108299;64834;2586630;4;45
r;72092735;64834;2935005;4;45
r;72421960;64834;2946892;4;45
r;351038;64834;161710;4;57
r;12102846;64834;212235;4;58
r;351037;64834;146887;4;59
r;2271821;64834;171870;4;72