
e;85944;'non';1;400
e;251716;'_INFO-MONOSEMIC';36;50
e;254876;'_POL-POS_PC';36;50
e;317327;'_POLIT_6FN';36;50
e;317329;'_POLIT_7NOPOL';36;50
e;248198;'_SEX_NO';36;50
e;254877;'_POL-NEUTRE_PC';36;50
e;223173;'_POL-POS';36;50
e;276096;'_INFO-WIKI-YES';36;50
e;217817;'_INFO-POLYSEMIC';36;50
e;15991432;'_ANIME-NO';36;50
e;438949;'_INFO-POLYMORPHIC';36;50
e;1912917;'_INFO-COUNTABLE-YES';36;0
e;191741;'_INFO-VOC-COMMON';36;50
e;2355199;'_OCC-IGNORE';36;0
e;2585997;'_INFO-CNRTL-NO';36;50
e;254878;'_POL-NEG_PC';36;50
e;241794;'_POL-NEUTRE';36;50
e;223172;'_POL-NEG';36;50
r;310761702;85944;251716;36;-15
r;2321117;85944;254876;36;1
r;11812907;85944;317327;36;16
r;8926146;85944;317329;36;17
r;14194466;85944;248198;36;19
r;27453400;85944;254877;36;21
r;1998234;85944;223173;36;23
r;433735504;85944;276096;36;25
r;390379575;85944;217817;36;25
r;418224042;85944;15991432;36;25
r;18705749;85944;438949;36;37
r;30791301;85944;1912917;36;41
r;740199;85944;191741;36;46
r;46458743;85944;2355199;36;47
r;54871167;85944;2585997;36;56
r;2321118;85944;254878;36;77
r;25221596;85944;241794;36;405
r;2007764;85944;223172;36;1456