
e;85944;'non';1;400
e;171869;'Adj:';4;50
e;146898;'Int:';4;50
e;146887;'Nom:Mas+PL';4;50
e;146885;'Nom:Mas+SG';4;50
e;2586627;'Gender:Mas';4;0
e;2586637;'Number:Inv';4;0
e;2586630;'Number:Plur';4;0
e;2586629;'Number:Sing';4;0
e;146886;'Nom:Mas+InvPL';4;50
e;171870;'Nom:';4;50
e;146889;'Adv:';4;50
r;61242576;85944;171869;4;-25
r;418224046;85944;146898;4;25
r;15818847;85944;146887;4;27
r;15820620;85944;146885;4;34
r;54084632;85944;2586627;4;45
r;54086498;85944;2586637;4;45
r;54111034;85944;2586630;4;45
r;54194474;85944;2586629;4;45
r;39667;85944;146886;4;60
r;1413461;85944;171870;4;70
r;39666;85944;146889;4;122