
e;24637;'nous';1;380
e;171870;'Nom:';4;50
e;2586627;'Gender:Mas';4;0
e;2586628;'Gender:Fem';4;0
e;2356740;'Pro:Pers';4;0
e;14718912;'Pro:Pers:Réfléchi';4;0
e;149340;'Pro:PL+P1';4;50
e;2931521;'Pro:Pers:SUJ';4;0
e;2931950;'Pro:Pers:COI';4;0
e;147826;'Pro:';4;50
e;2931520;'Pro:Pers:COD';4;0
r;1413610;24637;171870;4;-52
r;418225848;24637;2586627;4;25
r;418225849;24637;2586628;4;25
r;48898704;24637;2356740;4;38
r;374235962;24637;14718912;4;45
r;39820;24637;149340;4;57
r;71879361;24637;2931521;4;58
r;373216643;24637;2931950;4;58
r;12102935;24637;147826;4;67
r;71879343;24637;2931520;4;84