
e;39192;'nuit';1;3112
e;313835;'Expression:';4;50
e;146889;'Adv:';4;50
e;3093590;'VerbalMode:Indicatif';4;0
e;14271095;'VerbalTime:PasséSimple';4;0
e;14270944;'VerbalPers:P3';4;0
e;14270945;'VerbalNumber:SG';4;0
e;150118;'Ver:IPre+SG+P3';4;50
e;2586628;'Gender:Fem';4;0
e;2586629;'Number:Sing';4;0
e;2935005;'VerbalTime:Present';4;0
e;2935006;'VerbalTime:Past';4;0
e;2946892;'Ver:Conjug';4;0
e;212235;'Ver:';4;50
e;161713;'Ver:IPSim+SG+P3';4;50
e;171869;'Adj:';4;50
e;146881;'Nom:Fem+SG';4;50
e;171870;'Nom:';4;50
r;403266677;39192;313835;4;25
r;403266641;39192;146889;4;25
r;361911287;39192;3093590;4;25
r;363118107;39192;14271095;4;25
r;362922031;39192;14270944;4;25
r;362921746;39192;14270945;4;25
r;351093;39192;150118;4;31
r;54027858;39192;2586628;4;45
r;54058390;39192;2586629;4;45
r;72092749;39192;2935005;4;45
r;72154796;39192;2935006;4;45
r;72421977;39192;2946892;4;45
r;12102981;39192;212235;4;53
r;351094;39192;161713;4;54
r;1413682;39192;171869;4;54
r;39892;39192;146881;4;59
r;1413681;39192;171870;4;74