
e;80929;'obligé';1;104
e;313835;'Expression:';4;50
e;2586628;'Gender:Fem';4;0
e;161702;'Ver:PPas';4;50
e;2586627;'Gender:Mas';4;0
e;2586629;'Number:Sing';4;0
e;212235;'Ver:';4;50
e;146885;'Nom:Mas+SG';4;50
e;161699;'Ver:PPas+Mas+SG';4;50
e;146888;'Adj:Mas+SG';4;50
e;171870;'Nom:';4;50
e;171869;'Adj:';4;50
r;405887757;80929;313835;4;25
r;417765294;80929;2586628;4;25
r;2249195;80929;161702;4;42
r;53968446;80929;2586627;4;45
r;53982842;80929;2586629;4;45
r;12103026;80929;212235;4;55
r;40018;80929;146885;4;57
r;351134;80929;161699;4;57
r;40017;80929;146888;4;62
r;528966;80929;171870;4;65
r;528967;80929;171869;4;73