
e;69387;'obliger';1;274
e;254877;'_POL-NEUTRE_PC';36;50
e;254876;'_POL-POS_PC';36;50
e;248198;'_SEX_NO';36;50
e;217817;'_INFO-POLYSEMIC';36;50
e;273221;'_INFO-WIKI-NO';36;50
e;191741;'_INFO-VOC-COMMON';36;50
e;2585996;'_INFO-CNRTL-YES';36;50
e;241794;'_POL-NEUTRE';36;50
e;254878;'_POL-NEG_PC';36;50
e;223173;'_POL-POS';36;50
e;223172;'_POL-NEG';36;50
r;26834733;69387;254877;36;8
r;2570473;69387;254876;36;10
r;3123104;69387;248198;36;17
r;364316975;69387;217817;36;25
r;25323513;69387;273221;36;49
r;740229;69387;191741;36;54
r;54671006;69387;2585996;36;57
r;26424938;69387;241794;36;81
r;2328056;69387;254878;36;82
r;18775068;69387;223173;36;99
r;1995209;69387;223172;36;795