
e;1565026;'occultant';1;0
e;254878;'_POL-NEG_PC';36;50
e;254877;'_POL-NEUTRE_PC';36;50
e;438949;'_INFO-POLYMORPHIC';36;50
e;273221;'_INFO-WIKI-NO';36;50
e;223172;'_POL-NEG';36;50
e;2585997;'_INFO-CNRTL-NO';36;50
e;254876;'_POL-POS_PC';36;50
e;241794;'_POL-NEUTRE';36;50
e;223173;'_POL-POS';36;50
r;71701916;1565026;254878;36;8
r;26936923;1565026;254877;36;22
r;94137571;1565026;438949;36;31
r;94137579;1565026;273221;36;32
r;30438017;1565026;223172;36;32
r;94137566;1565026;2585997;36;52
r;26936922;1565026;254876;36;70
r;26185738;1565026;241794;36;87
r;26085051;1565026;223173;36;280