
e;68518;'occulter';1;100
e;254876;'_POL-POS_PC';36;50
e;273221;'_INFO-WIKI-NO';36;50
e;254877;'_POL-NEUTRE_PC';36;50
e;217817;'_INFO-POLYSEMIC';36;50
e;254878;'_POL-NEG_PC';36;50
e;2585996;'_INFO-CNRTL-YES';36;50
e;223173;'_POL-POS';36;50
e;241794;'_POL-NEUTRE';36;50
e;223172;'_POL-NEG';36;50
r;27277309;68518;254876;36;22
r;85624172;68518;273221;36;29
r;27277310;68518;254877;36;31
r;116504105;68518;217817;36;34
r;11721114;68518;254878;36;48
r;54850308;68518;2585996;36;60
r;26611086;68518;223173;36;67
r;26173351;68518;241794;36;96
r;9198141;68518;223172;36;148