
e;143257;'occulte';1;88
e;14270847;'Ver:ImPre+SG+P2';4;0
e;14270943;'VerbalPers:P2';4;0
e;14270942;'VerbalPers:P1';4;0
e;14270944;'VerbalPers:P3';4;0
e;14270945;'VerbalNumber:SG';4;0
e;146885;'Nom:Mas+SG';4;50
e;146894;'Adj:Fem+SG';4;50
e;14270798;'VerbalMode:Impératif';4;0
e;171870;'Nom:';4;50
e;146888;'Adj:Mas+SG';4;50
e;2586634;'Gender:Inv';4;0
e;2586627;'Gender:Mas';4;0
e;2935005;'VerbalTime:Present';4;0
e;2946892;'Ver:Conjug';4;0
e;161698;'Ver:IPre+SG+P1:IPre+SG+P3:SPre+SG+P1:SPre+SG+P3:ImPre+SG+P2';4;50
e;3093591;'VerbalMode:Subjonctif';4;0
e;2586628;'Gender:Fem';4;0
e;2586629;'Number:Sing';4;0
e;3093590;'VerbalMode:Indicatif';4;0
e;212235;'Ver:';4;50
e;146883;'Adj:InvGen+SG';4;50
e;150117;'Ver:IPre+SG+P1';4;50
e;150116;'Ver:Imp+SG+P2';4;50
e;150118;'Ver:IPre+SG+P3';4;50
e;150119;'Ver:SPre+SG+P1';4;50
e;150120;'Ver:SPre+SG+P3';4;50
e;171869;'Adj:';4;50
r;363202250;143257;14270847;4;25
r;362917452;143257;14270943;4;25
r;362816496;143257;14270942;4;25
r;362808621;143257;14270944;4;25
r;362807819;143257;14270945;4;25
r;427746428;143257;146885;4;25
r;16085348;143257;146894;4;29
r;361875931;143257;14270798;4;29
r;633786;143257;171870;4;31
r;16090768;143257;146888;4;45
r;53939930;143257;2586634;4;45
r;53974476;143257;2586627;4;45
r;72092754;143257;2935005;4;45
r;72421982;143257;2946892;4;45
r;75793285;143257;161698;4;45
r;75793287;143257;3093591;4;45
r;53927667;143257;2586628;4;46
r;53945370;143257;2586629;4;46
r;75793286;143257;3093590;4;48
r;12103098;143257;212235;4;54
r;40131;143257;146883;4;55
r;351164;143257;150117;4;58
r;351163;143257;150116;4;59
r;351165;143257;150118;4;60
r;351167;143257;150119;4;60
r;351168;143257;150120;4;60
r;633787;143257;171869;4;60