
e;121651;'offre';1;176
e;3093590;'VerbalMode:Indicatif';4;0
e;14270798;'VerbalMode:Impératif';4;0
e;14270847;'Ver:ImPre+SG+P2';4;0
e;3093591;'VerbalMode:Subjonctif';4;0
e;14270944;'VerbalPers:P3';4;0
e;14270943;'VerbalPers:P2';4;0
e;14270942;'VerbalPers:P1';4;0
e;14270945;'VerbalNumber:SG';4;0
e;150120;'Ver:SPre+SG+P3';4;50
e;150119;'Ver:SPre+SG+P1';4;50
e;150118;'Ver:IPre+SG+P3';4;50
e;150117;'Ver:IPre+SG+P1';4;50
e;2586628;'Gender:Fem';4;0
e;2586629;'Number:Sing';4;0
e;2935005;'VerbalTime:Present';4;0
e;2946892;'Ver:Conjug';4;0
e;212235;'Ver:';4;50
e;161698;'Ver:IPre+SG+P1:IPre+SG+P3:SPre+SG+P1:SPre+SG+P3:ImPre+SG+P2';4;50
e;146881;'Nom:Fem+SG';4;50
e;171870;'Nom:';4;50
r;361877951;121651;3093590;4;25
r;361881623;121651;14270798;4;25
r;363204090;121651;14270847;4;25
r;363195415;121651;3093591;4;25
r;363025151;121651;14270944;4;25
r;363016140;121651;14270943;4;25
r;363007209;121651;14270942;4;25
r;362998346;121651;14270945;4;25
r;362989349;121651;150120;4;25
r;362980242;121651;150119;4;25
r;362971243;121651;150118;4;25
r;362962334;121651;150117;4;25
r;54027948;121651;2586628;4;45
r;54058485;121651;2586629;4;45
r;72092762;121651;2935005;4;45
r;72421990;121651;2946892;4;45
r;12103178;121651;212235;4;53
r;351199;121651;161698;4;54
r;40323;121651;146881;4;55
r;530670;121651;171870;4;87