
e;89749;'offrir';1;718
e;254878;'_POL-NEG_PC';36;50
e;254877;'_POL-NEUTRE_PC';36;50
e;248198;'_SEX_NO';36;50
e;248197;'_SEX_YES';36;50
e;273221;'_INFO-WIKI-NO';36;50
e;214534;'_INFO-MEANING-FIGURED';36;50
e;223172;'_POL-NEG';36;50
e;217817;'_INFO-POLYSEMIC';36;50
e;2585996;'_INFO-CNRTL-YES';36;50
e;191741;'_INFO-VOC-COMMON';36;50
e;241794;'_POL-NEUTRE';36;50
e;254876;'_POL-POS_PC';36;50
e;223173;'_POL-POS';36;50
r;27123363;89749;254878;36;7
r;9232287;89749;254877;36;13
r;3134441;89749;248198;36;27
r;11719572;89749;248197;36;29
r;30318435;89749;273221;36;40
r;52630964;89749;214534;36;40
r;26470970;89749;223172;36;42
r;9120567;89749;217817;36;45
r;54668244;89749;2585996;36;54
r;740257;89749;191741;36;60
r;9211616;89749;241794;36;79
r;2321498;89749;254876;36;80
r;2007036;89749;223173;36;474