
e;102073;'on';1;124
e;171870;'Nom:';4;50
e;2931520;'Pro:Pers:COD';4;0
e;2586627;'Gender:Mas';4;0
e;2586628;'Gender:Fem';4;0
e;2586629;'Number:Sing';4;0
e;2356744;'Pro:Indef';4;0
e;148598;'Pro:3Mas+SG';4;50
e;2356740;'Pro:Pers';4;0
e;2931521;'Pro:Pers:SUJ';4;0
e;147826;'Pro:';4;50
r;1414090;102073;171870;4;-57
r;374235845;102073;2931520;4;-25
r;418229918;102073;2586627;4;25
r;418229919;102073;2586628;4;25
r;375161454;102073;2586629;4;30
r;48898815;102073;2356744;4;40
r;40563;102073;148598;4;52
r;52531608;102073;2356740;4;52
r;71879360;102073;2931521;4;52
r;12103240;102073;147826;4;73