
e;160892;'ont';1;54
e;146882;'Ver:Inf';4;50
e;171870;'Nom:';4;50
e;14270944;'VerbalPers:P3';4;0
e;14270946;'VerbalNumber:PL';4;0
e;3093590;'VerbalMode:Indicatif';4;0
e;2935005;'VerbalTime:Present';4;0
e;161706;'Ver:IPre+PL+P3';4;50
e;212235;'Ver:';4;50
e;2946892;'Ver:Conjug';4;0
r;12120772;160892;146882;4;-70
r;425028075;160892;171870;4;-25
r;363062435;160892;14270944;4;25
r;363062414;160892;14270946;4;25
r;363062255;160892;3093590;4;25
r;72091114;160892;2935005;4;45
r;343391;160892;161706;4;60
r;12085878;160892;212235;4;87
r;72420267;160892;2946892;4;195