
e;79346;'original';1;286
e;317329;'_POLIT_7NOPOL';36;50
e;254878;'_POL-NEG_PC';36;50
e;317322;'_POLIT_1ECO';36;50
e;254877;'_POL-NEUTRE_PC';36;50
e;15991431;'_ANIME-YES';36;50
e;15991432;'_ANIME-NO';36;50
e;438949;'_INFO-POLYMORPHIC';36;50
e;223172;'_POL-NEG';36;50
e;276096;'_INFO-WIKI-YES';36;50
e;217817;'_INFO-POLYSEMIC';36;50
e;191669;'_INFO-SEM-LIVING-BEING';36;160
e;162761;'_INFO-SEM-PERS';36;732
e;2585996;'_INFO-CNRTL-YES';36;50
e;254876;'_POL-POS_PC';36;50
e;241794;'_POL-NEUTRE';36;50
e;223173;'_POL-POS';36;50
r;9300917;79346;317329;36;-1
r;27213948;79346;254878;36;8
r;9300916;79346;317322;36;16
r;9249418;79346;254877;36;24
r;417406647;79346;15991431;36;25
r;418232699;79346;15991432;36;25
r;15951765;79346;438949;36;37
r;26444704;79346;223172;36;39
r;72077770;79346;276096;36;40
r;15952580;79346;217817;36;43
r;2225247;79346;191669;36;46
r;435941;79346;162761;36;52
r;54642084;79346;2585996;36;58
r;2331193;79346;254876;36;67
r;9210452;79346;241794;36;114
r;1998440;79346;223173;36;316