
e;153164;'ouverte';1;434
e;254878;'_POL-NEG_PC';36;50
e;254877;'_POL-NEUTRE_PC';36;50
e;317329;'_POLIT_7NOPOL';36;50
e;276096;'_INFO-WIKI-YES';36;50
e;223172;'_POL-NEG';36;50
e;438949;'_INFO-POLYMORPHIC';36;50
e;2585997;'_INFO-CNRTL-NO';36;50
e;254876;'_POL-POS_PC';36;50
e;241794;'_POL-NEUTRE';36;50
e;223173;'_POL-POS';36;50
r;27431337;153164;254878;36;7
r;2339802;153164;254877;36;19
r;8923363;153164;317329;36;19
r;419927812;153164;276096;36;25
r;26442304;153164;223172;36;36
r;30696967;153164;438949;36;41
r;54994319;153164;2585997;36;58
r;9136961;153164;254876;36;74
r;2025253;153164;241794;36;92
r;9133731;153164;223173;36;369