
e;153164;'ouverte';1;434
e;146885;'Nom:Mas+SG';4;50
e;171870;'Nom:';4;50
e;2586627;'Gender:Mas';4;0
e;161702;'Ver:PPas';4;50
e;2586628;'Gender:Fem';4;0
e;2586629;'Number:Sing';4;0
e;161700;'Ver:PPas+Fem+SG';4;50
e;212235;'Ver:';4;50
e;171869;'Adj:';4;50
e;146894;'Adj:Fem+SG';4;50
r;372995978;153164;146885;4;-25
r;372995979;153164;171870;4;-25
r;373074566;153164;2586627;4;-25
r;2247063;153164;161702;4;36
r;53921366;153164;2586628;4;46
r;54208573;153164;2586629;4;46
r;351375;153164;161700;4;55
r;12103488;153164;212235;4;59
r;1855871;153164;171869;4;81
r;351374;153164;146894;4;112