
e;73154;'ouvert';1;522
e;251716;'_INFO-MONOSEMIC';36;50
e;254878;'_POL-NEG_PC';36;50
e;254877;'_POL-NEUTRE_PC';36;50
e;248198;'_SEX_NO';36;50
e;248197;'_SEX_YES';36;50
e;276096;'_INFO-WIKI-YES';36;50
e;223172;'_POL-NEG';36;50
e;323621;'_INFO-SEM-EMOTION-RELATED';36;50
e;191741;'_INFO-VOC-COMMON';36;50
e;191671;'_INFO-SEM-CARAC';36;144
e;438949;'_INFO-POLYMORPHIC';36;50
e;2585996;'_INFO-CNRTL-YES';36;50
e;217817;'_INFO-POLYSEMIC';36;50
e;254876;'_POL-POS_PC';36;50
e;241794;'_POL-NEUTRE';36;50
e;223173;'_POL-POS';36;50
r;310767449;73154;251716;36;-15
r;26766479;73154;254878;36;6
r;9229704;73154;254877;36;17
r;2191796;73154;248198;36;18
r;2396944;73154;248197;36;18
r;371311924;73154;276096;36;25
r;26409347;73154;223172;36;41
r;9266867;73154;323621;36;42
r;740313;73154;191741;36;45
r;1602200;73154;191671;36;51
r;15875861;73154;438949;36;51
r;54851969;73154;2585996;36;58
r;10744678;73154;217817;36;59
r;2331414;73154;254876;36;76
r;9209703;73154;241794;36;110
r;1995651;73154;223173;36;481