
e;54271;'ouvrir';1;1504
e;254878;'_POL-NEG_PC';36;50
e;317329;'_POLIT_7NOPOL';36;50
e;248198;'_SEX_NO';36;50
e;223172;'_POL-NEG';36;50
e;254877;'_POL-NEUTRE_PC';36;50
e;273221;'_INFO-WIKI-NO';36;50
e;214534;'_INFO-MEANING-FIGURED';36;50
e;251717;'_INFO-MEANING-LITERAL';36;50
e;191741;'_INFO-VOC-COMMON';36;50
e;2585996;'_INFO-CNRTL-YES';36;50
e;163012;'_INFO-NO-MORE-QUESTION';36;6094
e;254876;'_POL-POS_PC';36;50
e;217817;'_INFO-POLYSEMIC';36;50
e;241794;'_POL-NEUTRE';36;50
e;223173;'_POL-POS';36;50
r;2334856;54271;254878;36;3
r;9163279;54271;317329;36;16
r;3211024;54271;248198;36;17
r;2169533;54271;223172;36;35
r;2334855;54271;254877;36;36
r;29387635;54271;273221;36;40
r;52538096;54271;214534;36;40
r;61240887;54271;251717;36;40
r;740317;54271;191741;36;49
r;54722709;54271;2585996;36;58
r;432965;54271;163012;36;60
r;2334854;54271;254876;36;62
r;9107303;54271;217817;36;200
r;2002713;54271;241794;36;497
r;2006156;54271;223173;36;854