
e;179364;'pa';1;50
e;438949;'_INFO-POLYMORPHIC';36;50
e;251716;'_INFO-MONOSEMIC';36;50
e;254877;'_POL-NEUTRE_PC';36;50
e;273221;'_INFO-WIKI-NO';36;50
e;2585997;'_INFO-CNRTL-NO';36;50
e;254876;'_POL-POS_PC';36;50
e;241794;'_POL-NEUTRE';36;50
e;223173;'_POL-POS';36;50
r;363930557;179364;438949;36;26
r;96247957;179364;251716;36;32
r;26957772;179364;254877;36;33
r;104915693;179364;273221;36;35
r;73153666;179364;2585997;36;65
r;26957771;179364;254876;36;67
r;26291731;179364;241794;36;94
r;19567408;179364;223173;36;192