
e;179364;'pa';1;50
e;3093591;'VerbalMode:Subjonctif';4;0
e;14270944;'VerbalPers:P3';4;0
e;14270946;'VerbalNumber:PL';4;0
e;161707;'Ver:SPre+PL+P3';4;50
e;161706;'Ver:IPre+PL+P3';4;50
e;3093590;'VerbalMode:Indicatif';4;0
e;171870;'Nom:';4;50
e;2935005;'VerbalTime:Present';4;0
e;2946892;'Ver:Conjug';4;0
e;161711;'Ver:IPre+PL+P3:SPre+PL+P3';4;50
e;212235;'Ver:';4;50
r;363196625;179364;3093591;4;25
r;363057834;179364;14270944;4;25
r;363050381;179364;14270946;4;25
r;363042750;179364;161707;4;25
r;363035233;179364;161706;4;25
r;363031106;179364;3093590;4;25
r;604984;179364;171870;4;34
r;72094006;179364;2935005;4;45
r;72423358;179364;2946892;4;45
r;12103720;179364;161711;4;51
r;12103721;179364;212235;4;56