
e;141490;'panne';1;396
e;14270798;'VerbalMode:Impératif';4;0
e;14270847;'Ver:ImPre+SG+P2';4;0
e;14270944;'VerbalPers:P3';4;0
e;14270943;'VerbalPers:P2';4;0
e;14270942;'VerbalPers:P1';4;0
e;14270945;'VerbalNumber:SG';4;0
e;150120;'Ver:SPre+SG+P3';4;50
e;150119;'Ver:SPre+SG+P1';4;50
e;150118;'Ver:IPre+SG+P3';4;50
e;150117;'Ver:IPre+SG+P1';4;50
e;3093590;'VerbalMode:Indicatif';4;0
e;3093591;'VerbalMode:Subjonctif';4;0
e;2586628;'Gender:Fem';4;0
e;2586629;'Number:Sing';4;0
e;2935005;'VerbalTime:Present';4;0
e;2946892;'Ver:Conjug';4;0
e;161698;'Ver:IPre+SG+P1:IPre+SG+P3:SPre+SG+P1:SPre+SG+P3:ImPre+SG+P2';4;50
e;146881;'Nom:Fem+SG';4;50
e;212235;'Ver:';4;50
e;171870;'Nom:';4;50
r;361882055;141490;14270798;4;25
r;363203658;141490;14270847;4;25
r;363024717;141490;14270944;4;25
r;363015697;141490;14270943;4;25
r;363006777;141490;14270942;4;25
r;362997914;141490;14270945;4;25
r;362988916;141490;150120;4;25
r;362979803;141490;150119;4;25
r;362970812;141490;150118;4;25
r;362961900;141490;150117;4;25
r;78318077;141490;3093590;4;33
r;78318078;141490;3093591;4;35
r;54028297;141490;2586628;4;45
r;54058838;141490;2586629;4;45
r;72092834;141490;2935005;4;45
r;72422069;141490;2946892;4;45
r;351479;141490;161698;4;53
r;41777;141490;146881;4;58
r;12103702;141490;212235;4;58
r;1414878;141490;171870;4;94