
e;401955;'parfaits';1;50
e;254878;'_POL-NEG_PC';36;50
e;254877;'_POL-NEUTRE_PC';36;50
e;223172;'_POL-NEG';36;50
e;273221;'_INFO-WIKI-NO';36;50
e;1912917;'_INFO-COUNTABLE-YES';36;0
e;438949;'_INFO-POLYMORPHIC';36;50
e;241794;'_POL-NEUTRE';36;50
e;254876;'_POL-POS_PC';36;50
e;223173;'_POL-POS';36;50
r;34009929;401955;254878;36;5
r;27190643;401955;254877;36;16
r;28816280;401955;223172;36;19
r;77823390;401955;273221;36;28
r;30790054;401955;1912917;36;40
r;17293003;401955;438949;36;45
r;26420018;401955;241794;36;60
r;27190642;401955;254876;36;79
r;24502451;401955;223173;36;289