
e;52260;'parfait';1;302
e;3093590;'VerbalMode:Indicatif';4;0
e;14270944;'VerbalPers:P3';4;0
e;14270945;'VerbalNumber:SG';4;0
e;150118;'Ver:IPre+SG+P3';4;50
e;2946892;'Ver:Conjug';4;0
e;146889;'Adv:';4;50
e;146898;'Int:';4;50
e;161702;'Ver:PPas';4;50
e;2586627;'Gender:Mas';4;0
e;146894;'Adj:Fem+SG';4;50
e;2935005;'VerbalTime:Present';4;0
e;2586628;'Gender:Fem';4;0
e;2586629;'Number:Sing';4;0
e;161708;'Ver:PPas+Mas+SG:IPre+SG+P3';4;50
e;212235;'Ver:';4;50
e;146885;'Nom:Mas+SG';4;50
e;146888;'Adj:Mas+SG';4;50
e;171870;'Nom:';4;50
e;171869;'Adj:';4;50
r;362921653;52260;3093590;4;25
r;362915192;52260;14270944;4;25
r;362915121;52260;14270945;4;25
r;362915050;52260;150118;4;25
r;363793228;52260;2946892;4;25
r;394744308;52260;146889;4;25
r;417703873;52260;146898;4;25
r;77359287;52260;161702;4;28
r;53968677;52260;2586627;4;45
r;61284494;52260;146894;4;45
r;72092857;52260;2935005;4;45
r;61284495;52260;2586628;4;46
r;53983073;52260;2586629;4;47
r;351552;52260;161708;4;59
r;12103837;52260;212235;4;60
r;42136;52260;146885;4;75
r;42135;52260;146888;4;102
r;1415198;52260;171870;4;114
r;1415197;52260;171869;4;164