
e;52260;'parfait';1;302
e;251716;'_INFO-MONOSEMIC';36;50
e;254878;'_POL-NEG_PC';36;50
e;254877;'_POL-NEUTRE_PC';36;50
e;248198;'_SEX_NO';36;50
e;15991431;'_ANIME-YES';36;50
e;15991432;'_ANIME-NO';36;50
e;276096;'_INFO-WIKI-YES';36;50
e;191669;'_INFO-SEM-LIVING-BEING';36;160
e;162761;'_INFO-SEM-PERS';36;732
e;223172;'_POL-NEG';36;50
e;217817;'_INFO-POLYSEMIC';36;50
e;191741;'_INFO-VOC-COMMON';36;50
e;438949;'_INFO-POLYMORPHIC';36;50
e;2585997;'_INFO-CNRTL-NO';36;50
e;241794;'_POL-NEUTRE';36;50
e;254876;'_POL-POS_PC';36;50
e;223173;'_POL-POS';36;50
r;375484421;52260;251716;36;-25
r;2330726;52260;254878;36;6
r;2330725;52260;254877;36;13
r;2195145;52260;248198;36;16
r;417305502;52260;15991431;36;25
r;417703869;52260;15991432;36;25
r;372853804;52260;276096;36;26
r;97322569;52260;191669;36;30
r;97322570;52260;162761;36;30
r;2005976;52260;223172;36;35
r;1603735;52260;217817;36;42
r;740368;52260;191741;36;47
r;19253317;52260;438949;36;52
r;54800742;52260;2585997;36;56
r;1995972;52260;241794;36;78
r;2330724;52260;254876;36;81
r;2000154;52260;223173;36;467