
e;132596;'particulière';1;76
e;254878;'_POL-NEG_PC';36;50
e;254877;'_POL-NEUTRE_PC';36;50
e;438949;'_INFO-POLYMORPHIC';36;50
e;276096;'_INFO-WIKI-YES';36;50
e;223172;'_POL-NEG';36;50
e;254876;'_POL-POS_PC';36;50
e;241794;'_POL-NEUTRE';36;50
e;223173;'_POL-POS';36;50
r;27058896;132596;254878;36;10
r;9249315;132596;254877;36;23
r;427428557;132596;438949;36;26
r;25239971;132596;276096;36;47
r;26489303;132596;223172;36;48
r;9249314;132596;254876;36;70
r;9216602;132596;241794;36;99
r;9124741;132596;223173;36;340