
e;27672;'pas';1;346
e;254878;'_POL-NEG_PC';36;50
e;248198;'_SEX_NO';36;50
e;1900773;'_INFO-SEM-PLACE-ABSTRACT';36;504
e;15991432;'_ANIME-NO';36;50
e;162762;'_INFO-SEM-ORGA';36;122
e;276096;'_INFO-WIKI-YES';36;50
e;223172;'_POL-NEG';36;50
e;191672;'_INFO-SEM-ACTION';36;36
e;1912917;'_INFO-COUNTABLE-YES';36;0
e;191741;'_INFO-VOC-COMMON';36;50
e;438949;'_INFO-POLYMORPHIC';36;50
e;254876;'_POL-POS_PC';36;50
e;2355199;'_OCC-IGNORE';36;0
e;217817;'_INFO-POLYSEMIC';36;50
e;254877;'_POL-NEUTRE_PC';36;50
e;2585996;'_INFO-CNRTL-YES';36;50
e;223173;'_POL-POS';36;50
e;241794;'_POL-NEUTRE';36;50
r;27428346;27672;254878;36;4
r;2191996;27672;248198;36;16
r;369925321;27672;1900773;36;25
r;417705421;27672;15991432;36;25
r;431142691;27672;162762;36;25
r;435415072;27672;276096;36;25
r;26449398;27672;223172;36;28
r;11954355;27672;191672;36;41
r;30791386;27672;1912917;36;41
r;740396;27672;191741;36;42
r;18736717;27672;438949;36;43
r;9127176;27672;254876;36;45
r;46458746;27672;2355199;36;47
r;1834471;27672;217817;36;48
r;2321112;27672;254877;36;51
r;54773821;27672;2585996;36;58
r;9122070;27672;223173;36;321
r;2000696;27672;241794;36;358