
e;27672;'pas';1;346
e;146887;'Nom:Mas+PL';4;50
e;146885;'Nom:Mas+SG';4;50
e;2586627;'Gender:Mas';4;0
e;2586637;'Number:Inv';4;0
e;2586630;'Number:Plur';4;0
e;2586629;'Number:Sing';4;0
e;146886;'Nom:Mas+InvPL';4;50
e;171870;'Nom:';4;50
e;146889;'Adv:';4;50
r;15818933;27672;146887;4;45
r;15820709;27672;146885;4;45
r;54084722;27672;2586627;4;45
r;54086588;27672;2586637;4;45
r;54111120;27672;2586630;4;45
r;54194564;27672;2586629;4;45
r;42341;27672;146886;4;59
r;1415331;27672;171870;4;87
r;42340;27672;146889;4;99