
e;28108;'passer';1;514
e;254878;'_POL-NEG_PC';36;50
e;317329;'_POLIT_7NOPOL';36;50
e;248198;'_SEX_NO';36;50
e;254876;'_POL-POS_PC';36;50
e;276096;'_INFO-WIKI-YES';36;50
e;217817;'_INFO-POLYSEMIC';36;50
e;2585996;'_INFO-CNRTL-YES';36;50
e;191741;'_INFO-VOC-COMMON';36;50
e;223172;'_POL-NEG';36;50
e;254877;'_POL-NEUTRE_PC';36;50
e;223173;'_POL-POS';36;50
e;241794;'_POL-NEUTRE';36;50
r;2569671;28108;254878;36;8
r;8934207;28108;317329;36;18
r;2188889;28108;248198;36;22
r;9140828;28108;254876;36;24
r;218109063;28108;276096;36;29
r;1759020;28108;217817;36;35
r;54678498;28108;2585996;36;51
r;740401;28108;191741;36;53
r;2568431;28108;223172;36;59
r;2322046;28108;254877;36;68
r;9132618;28108;223173;36;185
r;2015361;28108;241794;36;519