
e;43466;'passé';1;968
e;146911;'Pre:';4;50
e;146881;'Nom:Fem+SG';4;50
e;2586628;'Gender:Fem';4;0
e;2586627;'Gender:Mas';4;0
e;2586629;'Number:Sing';4;0
e;146885;'Nom:Mas+SG';4;50
e;212235;'Ver:';4;50
e;146888;'Adj:Mas+SG';4;50
e;161699;'Ver:PPas+Mas+SG';4;50
e;171870;'Nom:';4;50
e;171869;'Adj:';4;50
e;161702;'Ver:PPas';4;50
r;42368;43466;146911;4;-69
r;97338416;43466;146881;4;29
r;97338417;43466;2586628;4;31
r;53968713;43466;2586627;4;45
r;53983109;43466;2586629;4;45
r;42367;43466;146885;4;52
r;12103982;43466;212235;4;54
r;42364;43466;146888;4;56
r;351617;43466;161699;4;60
r;1415379;43466;171870;4;60
r;1415378;43466;171869;4;68
r;2249264;43466;161702;4;68