
e;139731;'peine';1;684
e;14270798;'VerbalMode:Impératif';4;0
e;14270847;'Ver:ImPre+SG+P2';4;0
e;14270944;'VerbalPers:P3';4;0
e;14270943;'VerbalPers:P2';4;0
e;14270942;'VerbalPers:P1';4;0
e;14270945;'VerbalNumber:SG';4;0
e;150120;'Ver:SPre+SG+P3';4;50
e;150119;'Ver:SPre+SG+P1';4;50
e;150118;'Ver:IPre+SG+P3';4;50
e;150117;'Ver:IPre+SG+P1';4;50
e;2586628;'Gender:Fem';4;0
e;2586629;'Number:Sing';4;0
e;2935005;'VerbalTime:Present';4;0
e;2946892;'Ver:Conjug';4;0
e;3093591;'VerbalMode:Subjonctif';4;0
e;3093590;'VerbalMode:Indicatif';4;0
e;212235;'Ver:';4;50
e;161698;'Ver:IPre+SG+P1:IPre+SG+P3:SPre+SG+P1:SPre+SG+P3:ImPre+SG+P2';4;50
e;146881;'Nom:Fem+SG';4;50
e;171870;'Nom:';4;50
r;361881615;139731;14270798;4;25
r;363204098;139731;14270847;4;25
r;363025159;139731;14270944;4;25
r;363016148;139731;14270943;4;25
r;363007217;139731;14270942;4;25
r;362998354;139731;14270945;4;25
r;362989359;139731;150120;4;25
r;362980250;139731;150119;4;25
r;362971251;139731;150118;4;25
r;362962342;139731;150117;4;25
r;54028501;139731;2586628;4;45
r;54059053;139731;2586629;4;45
r;72092896;139731;2935005;4;45
r;72422134;139731;2946892;4;45
r;75586148;139731;3093591;4;45
r;75586147;139731;3093590;4;49
r;12104160;139731;212235;4;51
r;351724;139731;161698;4;54
r;42791;139731;146881;4;59
r;519332;139731;171870;4;78