
e;42196;'penser';1;990
e;251716;'_INFO-MONOSEMIC';36;50
e;248198;'_SEX_NO';36;50
e;254878;'_POL-NEG_PC';36;50
e;317329;'_POLIT_7NOPOL';36;50
e;317324;'_POLIT_3PS';36;50
e;254877;'_POL-NEUTRE_PC';36;50
e;223172;'_POL-NEG';36;50
e;438949;'_INFO-POLYMORPHIC';36;50
e;276096;'_INFO-WIKI-YES';36;50
e;191741;'_INFO-VOC-COMMON';36;50
e;2585996;'_INFO-CNRTL-YES';36;50
e;163012;'_INFO-NO-MORE-QUESTION';36;6094
e;217817;'_INFO-POLYSEMIC';36;50
e;254876;'_POL-POS_PC';36;50
e;241794;'_POL-NEUTRE';36;50
e;223173;'_POL-POS';36;50
r;310675458;42196;251716;36;-15
r;104971929;42196;248198;36;1
r;27398166;42196;254878;36;7
r;9013363;42196;317329;36;10
r;9013362;42196;317324;36;16
r;9257418;42196;254877;36;19
r;26498538;42196;223172;36;41
r;29348824;42196;438949;36;43
r;6218446;42196;276096;36;48
r;740449;42196;191741;36;54
r;54624210;42196;2585996;36;58
r;1576446;42196;163012;36;60
r;9054776;42196;217817;36;66
r;2327280;42196;254876;36;73
r;9206246;42196;241794;36;109
r;1996405;42196;223173;36;415