
e;408673;'pense';1;50
e;14270798;'VerbalMode:Impératif';4;0
e;14270847;'Ver:ImPre+SG+P2';4;0
e;14270944;'VerbalPers:P3';4;0
e;14270943;'VerbalPers:P2';4;0
e;14270942;'VerbalPers:P1';4;0
e;14270945;'VerbalNumber:SG';4;0
e;150120;'Ver:SPre+SG+P3';4;50
e;150119;'Ver:SPre+SG+P1';4;50
e;150118;'Ver:IPre+SG+P3';4;50
e;150117;'Ver:IPre+SG+P1';4;50
e;2935005;'VerbalTime:Present';4;0
e;2946892;'Ver:Conjug';4;0
e;3093591;'VerbalMode:Subjonctif';4;0
e;3093590;'VerbalMode:Indicatif';4;0
e;212235;'Ver:';4;50
e;161698;'Ver:IPre+SG+P1:IPre+SG+P3:SPre+SG+P1:SPre+SG+P3:ImPre+SG+P2';4;50
r;361881969;408673;14270798;4;25
r;363203744;408673;14270847;4;25
r;363024805;408673;14270944;4;25
r;363015784;408673;14270943;4;25
r;363006863;408673;14270942;4;25
r;362998000;408673;14270945;4;25
r;362989005;408673;150120;4;25
r;362979889;408673;150119;4;25
r;362970898;408673;150118;4;25
r;362961986;408673;150117;4;25
r;72094585;408673;2935005;4;45
r;72424076;408673;2946892;4;45
r;75776126;408673;3093591;4;45
r;75776125;408673;3093590;4;49
r;14359211;408673;212235;4;52
r;14359210;408673;161698;4;53