
e;19292;'permettre';1;144
e;254878;'_POL-NEG_PC';36;50
e;254877;'_POL-NEUTRE_PC';36;50
e;217817;'_INFO-POLYSEMIC';36;50
e;273221;'_INFO-WIKI-NO';36;50
e;223172;'_POL-NEG';36;50
e;191741;'_INFO-VOC-COMMON';36;50
e;2585996;'_INFO-CNRTL-YES';36;50
e;241794;'_POL-NEUTRE';36;50
e;254876;'_POL-POS_PC';36;50
e;223173;'_POL-POS';36;50
r;26760431;19292;254878;36;9
r;9256804;19292;254877;36;12
r;9107766;19292;217817;36;35
r;29412594;19292;273221;36;40
r;26488389;19292;223172;36;45
r;740469;19292;191741;36;58
r;54783207;19292;2585996;36;59
r;9203542;19292;241794;36;61
r;2328261;19292;254876;36;79
r;2020236;19292;223173;36;404