
e;308648;'permet';777;50
e;171870;'Nom:';4;50
e;3093590;'VerbalMode:Indicatif';4;0
e;14270944;'VerbalPers:P3';4;0
e;14270945;'VerbalNumber:SG';4;0
e;2935005;'VerbalTime:Present';4;0
e;2946892;'Ver:Conjug';4;0
e;150118;'Ver:IPre+SG+P3';4;50
e;212235;'Ver:';4;50
r;8277939;308648;171870;4;-26
r;361911336;308648;3093590;4;25
r;362922081;308648;14270944;4;25
r;362921802;308648;14270945;4;25
r;72094016;308648;2935005;4;45
r;72423369;308648;2946892;4;45
r;12104320;308648;150118;4;55
r;12104321;308648;212235;4;59