
e;2553;'personnel';1;652
e;254878;'_POL-NEG_PC';36;50
e;317329;'_POLIT_7NOPOL';36;50
e;317325;'_POLIT_4MD';36;50
e;276096;'_INFO-WIKI-YES';36;50
e;15991431;'_ANIME-YES';36;50
e;15991432;'_ANIME-NO';36;50
e;438949;'_INFO-POLYMORPHIC';36;50
e;191669;'_INFO-SEM-LIVING-BEING';36;160
e;223172;'_POL-NEG';36;50
e;254876;'_POL-POS_PC';36;50
e;162761;'_INFO-SEM-PERS';36;732
e;217817;'_INFO-POLYSEMIC';36;50
e;191741;'_INFO-VOC-COMMON';36;50
e;254877;'_POL-NEUTRE_PC';36;50
e;2585996;'_INFO-CNRTL-YES';36;50
e;163012;'_INFO-NO-MORE-QUESTION';36;6094
e;223173;'_POL-POS';36;50
e;241794;'_POL-NEUTRE';36;50
r;2321167;2553;254878;36;6
r;8917483;2553;317329;36;16
r;8925824;2553;317325;36;16
r;430793778;2553;276096;36;25
r;417398349;2553;15991431;36;25
r;417716322;2553;15991432;36;25
r;16021059;2553;438949;36;37
r;3064834;2553;191669;36;40
r;2014813;2553;223172;36;42
r;2321165;2553;254876;36;42
r;3064828;2553;162761;36;42
r;1686277;2553;217817;36;44
r;740478;2553;191741;36;45
r;2321166;2553;254877;36;52
r;54748337;2553;2585996;36;53
r;401275;2553;163012;36;60
r;1994618;2553;223173;36;313
r;1995574;2553;241794;36;384