
e;141683;'petite';1;1318
e;254878;'_POL-NEG_PC';36;50
e;317326;'_POLIT_5UMP';36;50
e;254876;'_POL-POS_PC';36;50
e;223172;'_POL-NEG';36;50
e;317329;'_POLIT_7NOPOL';36;50
e;276096;'_INFO-WIKI-YES';36;50
e;191669;'_INFO-SEM-LIVING-BEING';36;160
e;162761;'_INFO-SEM-PERS';36;732
e;250117;'_INFO-SEM-PERS-FEM';36;50
e;15991431;'_ANIME-YES';36;50
e;1900773;'_INFO-SEM-PLACE-ABSTRACT';36;504
e;438949;'_INFO-POLYMORPHIC';36;50
e;248197;'_SEX_YES';36;50
e;248198;'_SEX_NO';36;50
e;251716;'_INFO-MONOSEMIC';36;50
e;2585997;'_INFO-CNRTL-NO';36;50
e;254877;'_POL-NEUTRE_PC';36;50
e;223173;'_POL-POS';36;50
e;241794;'_POL-NEUTRE';36;50
r;2335245;141683;254878;36;2
r;8920356;141683;317326;36;16
r;2335243;141683;254876;36;18
r;2301307;141683;223172;36;19
r;8920357;141683;317329;36;19
r;432540073;141683;276096;36;25
r;399323374;141683;191669;36;25
r;399324559;141683;162761;36;25
r;399566934;141683;250117;36;25
r;417286257;141683;15991431;36;25
r;432653152;141683;1900773;36;25
r;427423307;141683;438949;36;26
r;2192987;141683;248197;36;27
r;2189733;141683;248198;36;29
r;96108650;141683;251716;36;29
r;54990015;141683;2585997;36;56
r;2335244;141683;254877;36;81
r;1994791;141683;223173;36;178
r;1996572;141683;241794;36;815