
e;7914;'petits';1;116
e;248198;'_SEX_NO';36;50
e;317329;'_POLIT_7NOPOL';36;50
e;191678;'_INFO-SEM-SET';36;18
e;254877;'_POL-NEUTRE_PC';36;50
e;438949;'_INFO-POLYMORPHIC';36;50
e;1912917;'_INFO-COUNTABLE-YES';36;0
e;273221;'_INFO-WIKI-NO';36;50
e;2585997;'_INFO-CNRTL-NO';36;50
e;163012;'_INFO-NO-MORE-QUESTION';36;6094
e;254876;'_POL-POS_PC';36;50
e;241794;'_POL-NEUTRE';36;50
e;223173;'_POL-POS';36;50
r;212256172;7914;248198;36;1
r;9075109;7914;317329;36;17
r;114242108;7914;191678;36;26
r;9279892;7914;254877;36;32
r;18688370;7914;438949;36;37
r;30788030;7914;1912917;36;40
r;93024598;7914;273221;36;41
r;55155842;7914;2585997;36;54
r;436777;7914;163012;36;59
r;9279891;7914;254876;36;68
r;9202194;7914;241794;36;161
r;9166142;7914;223173;36;345