
e;55222;'petit';1;3512
e;2355199;'_OCC-IGNORE';36;0
e;317329;'_POLIT_7NOPOL';36;50
e;254876;'_POL-POS_PC';36;50
e;254878;'_POL-NEG_PC';36;50
e;317326;'_POLIT_5UMP';36;50
e;276096;'_INFO-WIKI-YES';36;50
e;15991431;'_ANIME-YES';36;50
e;15991432;'_ANIME-NO';36;50
e;438949;'_INFO-POLYMORPHIC';36;50
e;162761;'_INFO-SEM-PERS';36;732
e;191669;'_INFO-SEM-LIVING-BEING';36;160
e;217817;'_INFO-POLYSEMIC';36;50
e;248197;'_SEX_YES';36;50
e;248198;'_SEX_NO';36;50
e;2585996;'_INFO-CNRTL-YES';36;50
e;191741;'_INFO-VOC-COMMON';36;50
e;254877;'_POL-NEUTRE_PC';36;50
e;223173;'_POL-POS';36;50
e;223172;'_POL-NEG';36;50
e;241794;'_POL-NEUTRE';36;50
r;46458747;55222;2355199;36;-45
r;9036153;55222;317329;36;0
r;2331623;55222;254876;36;11
r;2331625;55222;254878;36;12
r;24479241;55222;317326;36;17
r;430814272;55222;276096;36;25
r;417380772;55222;15991431;36;25
r;417717222;55222;15991432;36;25
r;427422651;55222;438949;36;28
r;56395037;55222;162761;36;40
r;56468900;55222;191669;36;40
r;2110512;55222;217817;36;42
r;3204362;55222;248197;36;43
r;2188707;55222;248198;36;52
r;54595333;55222;2585996;36;56
r;740485;55222;191741;36;62
r;2331624;55222;254877;36;76
r;1994009;55222;223173;36;187
r;1993410;55222;223172;36;411
r;1993981;55222;241794;36;1285