
e;399787;'peut';1;50
e;146882;'Ver:Inf';4;50
e;3093590;'VerbalMode:Indicatif';4;0
e;14270944;'VerbalPers:P3';4;0
e;14270945;'VerbalNumber:SG';4;0
e;2935005;'VerbalTime:Present';4;0
e;2946892;'Ver:Conjug';4;0
e;150118;'Ver:IPre+SG+P3';4;50
e;212235;'Ver:';4;50
r;395596050;399787;146882;4;-25
r;361911361;399787;3093590;4;25
r;362922107;399787;14270944;4;25
r;362921828;399787;14270945;4;25
r;72094591;399787;2935005;4;45
r;72424082;399787;2946892;4;45
r;14359408;399787;150118;4;51
r;14359409;399787;212235;4;54