
e;13943;'place';1;1178
e;146882;'Ver:Inf';4;50
e;14270798;'VerbalMode:Impératif';4;0
e;14270847;'Ver:ImPre+SG+P2';4;0
e;14270944;'VerbalPers:P3';4;0
e;14270943;'VerbalPers:P2';4;0
e;14270942;'VerbalPers:P1';4;0
e;14270945;'VerbalNumber:SG';4;0
e;150120;'Ver:SPre+SG+P3';4;50
e;150119;'Ver:SPre+SG+P1';4;50
e;150118;'Ver:IPre+SG+P3';4;50
e;150117;'Ver:IPre+SG+P1';4;50
e;3093591;'VerbalMode:Subjonctif';4;0
e;3093590;'VerbalMode:Indicatif';4;0
e;146898;'Int:';4;50
e;2586628;'Gender:Fem';4;0
e;2586629;'Number:Sing';4;0
e;2935005;'VerbalTime:Present';4;0
e;2946892;'Ver:Conjug';4;0
e;146881;'Nom:Fem+SG';4;50
e;212235;'Ver:';4;50
e;161698;'Ver:IPre+SG+P1:IPre+SG+P3:SPre+SG+P1:SPre+SG+P3:ImPre+SG+P2';4;50
e;171870;'Nom:';4;50
r;390082638;13943;146882;4;-25
r;361880397;13943;14270798;4;25
r;363205315;13943;14270847;4;25
r;363026373;13943;14270944;4;25
r;363017378;13943;14270943;4;25
r;363008432;13943;14270942;4;25
r;362999574;13943;14270945;4;25
r;362990605;13943;150120;4;25
r;362981467;13943;150119;4;25
r;362972466;13943;150118;4;25
r;362963564;13943;150117;4;25
r;76695954;13943;3093591;4;28
r;76695953;13943;3093590;4;30
r;656927;13943;146898;4;32
r;54028860;13943;2586628;4;45
r;54059439;13943;2586629;4;45
r;72092969;13943;2935005;4;45
r;72422213;13943;2946892;4;45
r;44370;13943;146881;4;53
r;12104751;13943;212235;4;53
r;352075;13943;161698;4;57
r;1416749;13943;171870;4;73