
e;143076;'placé';1;120
e;161702;'Ver:PPas';4;50
e;2586627;'Gender:Mas';4;0
e;2586629;'Number:Sing';4;0
e;146885;'Nom:Mas+SG';4;50
e;212235;'Ver:';4;50
e;171870;'Nom:';4;50
e;146888;'Adj:Mas+SG';4;50
e;161699;'Ver:PPas+Mas+SG';4;50
e;171869;'Adj:';4;50
r;2249331;143076;161702;4;43
r;53968944;143076;2586627;4;45
r;53983340;143076;2586629;4;45
r;44371;143076;146885;4;51
r;12104752;143076;212235;4;51
r;1947306;143076;171870;4;55
r;44369;143076;146888;4;57
r;352076;143076;161699;4;60
r;1416750;143076;171869;4;67