
e;143076;'placé';1;120
e;254878;'_POL-NEG_PC';36;50
e;191669;'_INFO-SEM-LIVING-BEING';36;160
e;317329;'_POLIT_7NOPOL';36;50
e;248198;'_SEX_NO';36;50
e;254877;'_POL-NEUTRE_PC';36;50
e;217817;'_INFO-POLYSEMIC';36;50
e;273221;'_INFO-WIKI-NO';36;50
e;223172;'_POL-NEG';36;50
e;438949;'_INFO-POLYMORPHIC';36;50
e;2585996;'_INFO-CNRTL-YES';36;50
e;254876;'_POL-POS_PC';36;50
e;241794;'_POL-NEUTRE';36;50
e;223173;'_POL-POS';36;50
r;27262137;143076;254878;36;8
r;97428294;143076;191669;36;15
r;9258636;143076;317329;36;17
r;14000318;143076;248198;36;17
r;9241893;143076;254877;36;19
r;29400332;143076;217817;36;40
r;7815742;143076;273221;36;41
r;26420300;143076;223172;36;43
r;17938014;143076;438949;36;48
r;55202839;143076;2585996;36;51
r;9241892;143076;254876;36;73
r;9154823;143076;241794;36;97
r;9130107;143076;223173;36;379