
e;109702;'plaire';1;466
e;254878;'_POL-NEG_PC';36;50
e;254877;'_POL-NEUTRE_PC';36;50
e;248198;'_SEX_NO';36;50
e;248197;'_SEX_YES';36;50
e;273221;'_INFO-WIKI-NO';36;50
e;223172;'_POL-NEG';36;50
e;191741;'_INFO-VOC-COMMON';36;50
e;2585996;'_INFO-CNRTL-YES';36;50
e;217817;'_INFO-POLYSEMIC';36;50
e;241794;'_POL-NEUTRE';36;50
e;254876;'_POL-POS_PC';36;50
e;223173;'_POL-POS';36;50
r;26576963;109702;254878;36;6
r;9254859;109702;254877;36;10
r;14042681;109702;248198;36;16
r;2254378;109702;248197;36;31
r;106317056;109702;273221;36;40
r;26403782;109702;223172;36;43
r;740559;109702;191741;36;47
r;54620920;109702;2585996;36;51
r;9160518;109702;217817;36;55
r;9213965;109702;241794;36;68
r;2325219;109702;254876;36;84
r;2002991;109702;223173;36;587