
e;78445;'plein';1;522
e;251716;'_INFO-MONOSEMIC';36;50
e;248198;'_SEX_NO';36;50
e;254876;'_POL-POS_PC';36;50
e;317329;'_POLIT_7NOPOL';36;50
e;254878;'_POL-NEG_PC';36;50
e;276096;'_INFO-WIKI-YES';36;50
e;1970817;'_INFO-SEM-PROPERTY-NAME';36;0
e;214534;'_INFO-MEANING-FIGURED';36;50
e;163274;'_INFO-SEM-THING-ABSTR';36;578
e;3246612;'_INFO-SEM-STATE';36;230
e;323621;'_INFO-SEM-EMOTION-RELATED';36;50
e;438949;'_INFO-POLYMORPHIC';36;50
e;191741;'_INFO-VOC-COMMON';36;50
e;2585996;'_INFO-CNRTL-YES';36;50
e;217817;'_INFO-POLYSEMIC';36;50
e;254877;'_POL-NEUTRE_PC';36;50
e;223173;'_POL-POS';36;50
e;223172;'_POL-NEG';36;50
e;241794;'_POL-NEUTRE';36;50
r;310674720;78445;251716;36;-15
r;91639465;78445;248198;36;1
r;3062560;78445;254876;36;10
r;9243959;78445;317329;36;16
r;28506972;78445;254878;36;22
r;358933840;78445;276096;36;33
r;97873963;78445;1970817;36;35
r;52532159;78445;214534;36;40
r;97873964;78445;163274;36;40
r;97873956;78445;3246612;36;41
r;9266871;78445;323621;36;46
r;18785591;78445;438949;36;47
r;740575;78445;191741;36;50
r;54745803;78445;2585996;36;55
r;1869586;78445;217817;36;70
r;2337006;78445;254877;36;70
r;3062480;78445;223173;36;198
r;28506971;78445;223172;36;409
r;2017816;78445;241794;36;1416