
e;1759;'plus';1;374
e;146911;'Pre:';4;50
e;146896;'Con:';4;50
e;150504;'Conj:';4;50
e;14271095;'VerbalTime:PasséSimple';4;0
e;3093590;'VerbalMode:Indicatif';4;0
e;14270943;'VerbalPers:P2';4;0
e;14270942;'VerbalPers:P1';4;0
e;14270945;'VerbalNumber:SG';4;0
e;161738;'Ver:IPSim+SG+P1';4;50
e;161736;'Ver:IPSim+SG+P2';4;50
e;171869;'Adj:';4;50
e;146887;'Nom:Mas+PL';4;50
e;148187;'Det:InvGen+SG:InvGen+PL';4;50
e;2586627;'Gender:Mas';4;0
e;2586637;'Number:Inv';4;0
e;2586630;'Number:Plur';4;0
e;2586629;'Number:Sing';4;0
e;2935006;'VerbalTime:Past';4;0
e;2946892;'Ver:Conjug';4;0
e;161737;'Ver:PPas+Mas+PL:IPSim+SG+P1:IPSim+SG+P2';4;50
e;161704;'Ver:IPSim+SG+P1:IPSim+SG+P2';4;50
e;212235;'Ver:';4;50
e;146885;'Nom:Mas+SG';4;50
e;146886;'Nom:Mas+InvPL';4;50
e;171870;'Nom:';4;50
e;147628;'Det:';4;50
e;146889;'Adv:';4;50
r;1417070;1759;146911;4;-57
r;32927531;1759;146896;4;-50
r;34307684;1759;150504;4;-25
r;363162958;1759;14271095;4;25
r;363162815;1759;3093590;4;25
r;362917170;1759;14270943;4;25
r;362917127;1759;14270942;4;25
r;362917078;1759;14270945;4;25
r;363810769;1759;161738;4;25
r;363810810;1759;161736;4;25
r;394712414;1759;171869;4;25
r;15819018;1759;146887;4;28
r;44741;1759;148187;4;35
r;54084808;1759;2586627;4;45
r;54086672;1759;2586637;4;45
r;54111204;1759;2586630;4;45
r;54194631;1759;2586629;4;45
r;72154811;1759;2935006;4;45
r;72422246;1759;2946892;4;45
r;352191;1759;161737;4;51
r;352192;1759;161704;4;51
r;12104975;1759;212235;4;60
r;15820777;1759;146885;4;65
r;44742;1759;146886;4;69
r;491414;1759;171870;4;75
r;12104976;1759;147628;4;98
r;44740;1759;146889;4;153