
e;1759;'plus';1;374
e;317329;'_POLIT_7NOPOL';36;50
e;254878;'_POL-NEG_PC';36;50
e;317326;'_POLIT_5UMP';36;50
e;317323;'_POLIT_2PG';36;50
e;317322;'_POLIT_1ECO';36;50
e;248198;'_SEX_NO';36;50
e;223172;'_POL-NEG';36;50
e;15991432;'_ANIME-NO';36;50
e;273221;'_INFO-WIKI-NO';36;50
e;191678;'_INFO-SEM-SET';36;18
e;1912917;'_INFO-COUNTABLE-YES';36;0
e;254876;'_POL-POS_PC';36;50
e;191741;'_INFO-VOC-COMMON';36;50
e;438949;'_INFO-POLYMORPHIC';36;50
e;217817;'_INFO-POLYSEMIC';36;50
e;2585997;'_INFO-CNRTL-NO';36;50
e;254877;'_POL-NEUTRE_PC';36;50
e;223173;'_POL-POS';36;50
e;241794;'_POL-NEUTRE';36;50
r;8925888;1759;317329;36;0
r;27438230;1759;254878;36;3
r;8929332;1759;317326;36;16
r;9023614;1759;317323;36;16
r;21577401;1759;317322;36;16
r;9111980;1759;248198;36;17
r;14121133;1759;223172;36;21
r;417871330;1759;15991432;36;25
r;87237856;1759;273221;36;32
r;114448477;1759;191678;36;35
r;30791470;1759;1912917;36;41
r;2342016;1759;254876;36;42
r;740590;1759;191741;36;47
r;18703285;1759;438949;36;48
r;1645947;1759;217817;36;49
r;54611004;1759;2585997;36;54
r;9166472;1759;254877;36;56
r;2000784;1759;223173;36;308
r;9166121;1759;241794;36;411