
e;66049;'plutôt';1;56
e;254878;'_POL-NEG_PC';36;50
e;217817;'_INFO-POLYSEMIC';36;50
e;276096;'_INFO-WIKI-YES';36;50
e;223172;'_POL-NEG';36;50
e;191741;'_INFO-VOC-COMMON';36;50
e;254876;'_POL-POS_PC';36;50
e;254877;'_POL-NEUTRE_PC';36;50
e;2585996;'_INFO-CNRTL-YES';36;50
e;223173;'_POL-POS';36;50
e;241794;'_POL-NEUTRE';36;50
r;26916891;66049;254878;36;5
r;390416309;66049;217817;36;25
r;122079260;66049;276096;36;30
r;26403154;66049;223172;36;36
r;740592;66049;191741;36;40
r;9336619;66049;254876;36;44
r;9336620;66049;254877;36;51
r;54602431;66049;2585996;36;56
r;9139520;66049;223173;36;344
r;9208924;66049;241794;36;399