
e;43404;'porter';1;754
e;251716;'_INFO-MONOSEMIC';36;50
e;248197;'_SEX_YES';36;50
e;254878;'_POL-NEG_PC';36;50
e;317329;'_POLIT_7NOPOL';36;50
e;317324;'_POLIT_3PS';36;50
e;248198;'_SEX_NO';36;50
e;276096;'_INFO-WIKI-YES';36;50
e;15991432;'_ANIME-NO';36;50
e;214534;'_INFO-MEANING-FIGURED';36;50
e;254876;'_POL-POS_PC';36;50
e;217817;'_INFO-POLYSEMIC';36;50
e;254877;'_POL-NEUTRE_PC';36;50
e;438949;'_INFO-POLYMORPHIC';36;50
e;163012;'_INFO-NO-MORE-QUESTION';36;6094
e;2585996;'_INFO-CNRTL-YES';36;50
e;191741;'_INFO-VOC-COMMON';36;50
e;223172;'_POL-NEG';36;50
e;223173;'_POL-POS';36;50
e;241794;'_POL-NEUTRE';36;50
r;310674855;43404;251716;36;-15
r;97338273;43404;248197;36;10
r;2569523;43404;254878;36;13
r;9193692;43404;317329;36;16
r;26020863;43404;317324;36;16
r;9350834;43404;248198;36;17
r;423266166;43404;276096;36;25
r;418277683;43404;15991432;36;25
r;52532239;43404;214534;36;40
r;2331364;43404;254876;36;42
r;1983384;43404;217817;36;43
r;2331365;43404;254877;36;45
r;19277433;43404;438949;36;47
r;401933;43404;163012;36;54
r;54644062;43404;2585996;36;54
r;740638;43404;191741;36;55
r;2568871;43404;223172;36;85
r;2017168;43404;223173;36;262
r;1996453;43404;241794;36;284