
e;143613;'porte';1;4210
e;171869;'Adj:';4;50
e;2586634;'Gender:Inv';4;0
e;2586627;'Gender:Mas';4;0
e;146883;'Adj:InvGen+SG';4;50
e;14270798;'VerbalMode:Impératif';4;0
e;3094354;'VerbalMode:Conditionnel';4;0
e;14270847;'Ver:ImPre+SG+P2';4;0
e;14270944;'VerbalPers:P3';4;0
e;14270943;'VerbalPers:P2';4;0
e;14270942;'VerbalPers:P1';4;0
e;14270945;'VerbalNumber:SG';4;0
e;150120;'Ver:SPre+SG+P3';4;50
e;150119;'Ver:SPre+SG+P1';4;50
e;150118;'Ver:IPre+SG+P3';4;50
e;150117;'Ver:IPre+SG+P1';4;50
e;146894;'Adj:Fem+SG';4;50
e;212235;'Ver:';4;50
e;161770;'Ver:CPre+SG+P3';4;50
e;146888;'Adj:Mas+SG';4;50
e;2935005;'VerbalTime:Present';4;0
e;3093591;'VerbalMode:Subjonctif';4;0
e;3093590;'VerbalMode:Indicatif';4;0
e;161698;'Ver:IPre+SG+P1:IPre+SG+P3:SPre+SG+P1:SPre+SG+P3:ImPre+SG+P2';4;50
e;2586628;'Gender:Fem';4;0
e;2586629;'Number:Sing';4;0
e;146881;'Nom:Fem+SG';4;50
e;2946892;'Ver:Conjug';4;0
e;171870;'Nom:';4;50
r;2300413;143613;171869;4;-56
r;53940476;143613;2586634;4;-55
r;53975022;143613;2586627;4;-55
r;45345;143613;146883;4;-53
r;361882402;143613;14270798;4;25
r;361913323;143613;3094354;4;25
r;363203311;143613;14270847;4;25
r;363024372;143613;14270944;4;25
r;363015348;143613;14270943;4;25
r;363006432;143613;14270942;4;25
r;362997567;143613;14270945;4;25
r;362988571;143613;150120;4;25
r;362979456;143613;150119;4;25
r;362970463;143613;150118;4;25
r;362961553;143613;150117;4;25
r;16085892;143613;146894;4;27
r;2104601;143613;212235;4;28
r;2072047;143613;161770;4;29
r;16091315;143613;146888;4;29
r;72093033;143613;2935005;4;45
r;75878609;143613;3093591;4;45
r;75878608;143613;3093590;4;48
r;352341;143613;161698;4;52
r;53928210;143613;2586628;4;56
r;53945916;143613;2586629;4;57
r;45347;143613;146881;4;61
r;72422278;143613;2946892;4;65
r;1417551;143613;171870;4;137