
e;17685;'poussière';1;792
e;3093590;'VerbalMode:Indicatif';4;0
e;14270798;'VerbalMode:Impératif';4;0
e;14270847;'Ver:ImPre+SG+P2';4;0
e;3093591;'VerbalMode:Subjonctif';4;0
e;14270944;'VerbalPers:P3';4;0
e;14270943;'VerbalPers:P2';4;0
e;14270942;'VerbalPers:P1';4;0
e;14270945;'VerbalNumber:SG';4;0
e;150120;'Ver:SPre+SG+P3';4;50
e;150119;'Ver:SPre+SG+P1';4;50
e;150118;'Ver:IPre+SG+P3';4;50
e;150117;'Ver:IPre+SG+P1';4;50
e;2586628;'Gender:Fem';4;0
e;2586629;'Number:Sing';4;0
e;2935005;'VerbalTime:Present';4;0
e;2946892;'Ver:Conjug';4;0
e;161698;'Ver:IPre+SG+P1:IPre+SG+P3:SPre+SG+P1:SPre+SG+P3:ImPre+SG+P2';4;50
e;212235;'Ver:';4;50
e;146881;'Nom:Fem+SG';4;50
e;171870;'Nom:';4;50
r;361877790;17685;3093590;4;25
r;361880394;17685;14270798;4;25
r;363205318;17685;14270847;4;25
r;363195649;17685;3093591;4;25
r;363026376;17685;14270944;4;25
r;363017382;17685;14270943;4;25
r;363008435;17685;14270942;4;25
r;362999577;17685;14270945;4;25
r;362990608;17685;150120;4;25
r;362981470;17685;150119;4;25
r;362972469;17685;150118;4;25
r;362963567;17685;150117;4;25
r;54029118;17685;2586628;4;45
r;54059724;17685;2586629;4;45
r;72093049;17685;2935005;4;45
r;72422294;17685;2946892;4;45
r;352427;17685;161698;4;57
r;12105440;17685;212235;4;57
r;45725;17685;146881;4;58
r;1417925;17685;171870;4;75