
e;7804;'pouvoir';1;670
e;317329;'_POLIT_7NOPOL';36;50
e;254878;'_POL-NEG_PC';36;50
e;254876;'_POL-POS_PC';36;50
e;248197;'_SEX_YES';36;50
e;248198;'_SEX_NO';36;50
e;276096;'_INFO-WIKI-YES';36;50
e;15991432;'_ANIME-NO';36;50
e;317326;'_POLIT_5UMP';36;50
e;162759;'_INFO-SEM-PLACE';36;504
e;438949;'_INFO-POLYMORPHIC';36;50
e;323621;'_INFO-SEM-EMOTION-RELATED';36;50
e;217817;'_INFO-POLYSEMIC';36;50
e;163274;'_INFO-SEM-THING-ABSTR';36;578
e;2585996;'_INFO-CNRTL-YES';36;50
e;163012;'_INFO-NO-MORE-QUESTION';36;6094
e;191741;'_INFO-VOC-COMMON';36;50
e;254877;'_POL-NEUTRE_PC';36;50
e;223172;'_POL-NEG';36;50
e;223173;'_POL-POS';36;50
e;241794;'_POL-NEUTRE';36;50
r;8919875;7804;317329;36;-5
r;2344163;7804;254878;36;13
r;2344161;7804;254876;36;17
r;14000823;7804;248197;36;17
r;9070787;7804;248198;36;20
r;434306412;7804;276096;36;25
r;418280024;7804;15991432;36;25
r;8919874;7804;317326;36;26
r;668111;7804;162759;36;40
r;29387207;7804;438949;36;43
r;9278945;7804;323621;36;44
r;1627879;7804;217817;36;46
r;1628125;7804;163274;36;53
r;54732609;7804;2585996;36;55
r;1599316;7804;163012;36;60
r;740677;7804;191741;36;65
r;2344162;7804;254877;36;70
r;2016093;7804;223172;36;188
r;1996034;7804;223173;36;245
r;2002092;7804;241794;36;1022