
e;130626;'premier';1;1496
e;317329;'_POLIT_7NOPOL';36;50
e;317326;'_POLIT_5UMP';36;50
e;276096;'_INFO-WIKI-YES';36;50
e;15991431;'_ANIME-YES';36;50
e;15991432;'_ANIME-NO';36;50
e;248198;'_SEX_NO';36;50
e;162761;'_INFO-SEM-PERS';36;732
e;191669;'_INFO-SEM-LIVING-BEING';36;160
e;254877;'_POL-NEUTRE_PC';36;50
e;217817;'_INFO-POLYSEMIC';36;50
e;438949;'_INFO-POLYMORPHIC';36;50
e;191741;'_INFO-VOC-COMMON';36;50
e;254876;'_POL-POS_PC';36;50
e;2585996;'_INFO-CNRTL-YES';36;50
e;241794;'_POL-NEUTRE';36;50
e;223173;'_POL-POS';36;50
r;9031944;130626;317329;36;16
r;44024794;130626;317326;36;16
r;433002314;130626;276096;36;25
r;417383140;130626;15991431;36;25
r;418281493;130626;15991432;36;25
r;2189857;130626;248198;36;26
r;59744449;130626;162761;36;40
r;59756116;130626;191669;36;40
r;2346277;130626;254877;36;42
r;24521622;130626;217817;36;45
r;24521755;130626;438949;36;48
r;740693;130626;191741;36;56
r;2346276;130626;254876;36;58
r;54887915;130626;2585996;36;59
r;2023691;130626;241794;36;234
r;2005760;130626;223173;36;323