
e;10557;'premium';1;50
e;254878;'_POL-NEG_PC';36;50
e;254877;'_POL-NEUTRE_PC';36;50
e;15991432;'_ANIME-NO';36;50
e;223172;'_POL-NEG';36;50
e;438949;'_INFO-POLYMORPHIC';36;50
e;276096;'_INFO-WIKI-YES';36;50
e;254876;'_POL-POS_PC';36;50
e;2585997;'_INFO-CNRTL-NO';36;50
e;241794;'_POL-NEUTRE';36;50
e;223173;'_POL-POS';36;50
r;26899311;10557;254878;36;5
r;9316959;10557;254877;36;22
r;418281553;10557;15991432;36;25
r;26683456;10557;223172;36;27
r;423473158;10557;438949;36;27
r;370784036;10557;276096;36;29
r;9316958;10557;254876;36;73
r;72559174;10557;2585997;36;109
r;9190966;10557;241794;36;112
r;9146733;10557;223173;36;378