
e;86306;'prendre';1;1352
e;2355199;'_OCC-IGNORE';36;0
e;254876;'_POL-POS_PC';36;50
e;317327;'_POLIT_6FN';36;50
e;254878;'_POL-NEG_PC';36;50
e;317329;'_POLIT_7NOPOL';36;50
e;248198;'_SEX_NO';36;50
e;248197;'_SEX_YES';36;50
e;214534;'_INFO-MEANING-FIGURED';36;50
e;269459;'_INFO-SEM-THING';36;50
e;273221;'_INFO-WIKI-NO';36;50
e;191741;'_INFO-VOC-COMMON';36;50
e;217817;'_INFO-POLYSEMIC';36;50
e;2585996;'_INFO-CNRTL-YES';36;50
e;163012;'_INFO-NO-MORE-QUESTION';36;6094
e;254877;'_POL-NEUTRE_PC';36;50
e;223173;'_POL-POS';36;50
e;223172;'_POL-NEG';36;50
e;241794;'_POL-NEUTRE';36;50
r;46458755;86306;2355199;36;-35
r;2335871;86306;254876;36;8
r;25401372;86306;317327;36;16
r;9141193;86306;254878;36;17
r;9005406;86306;317329;36;19
r;2197617;86306;248198;36;21
r;2189429;86306;248197;36;34
r;52557759;86306;214534;36;40
r;57982913;86306;269459;36;40
r;7274254;86306;273221;36;48
r;740694;86306;191741;36;55
r;2475634;86306;217817;36;55
r;54608077;86306;2585996;36;57
r;412771;86306;163012;36;70
r;2335872;86306;254877;36;75
r;2021414;86306;223173;36;106
r;9128181;86306;223172;36;214
r;1994930;86306;241794;36;951