
e;16930;'prise';1;558
e;14270798;'VerbalMode:Impératif';4;0
e;14270847;'Ver:ImPre+SG+P2';4;0
e;14270944;'VerbalPers:P3';4;0
e;14270943;'VerbalPers:P2';4;0
e;14270942;'VerbalPers:P1';4;0
e;14270945;'VerbalNumber:SG';4;0
e;150120;'Ver:SPre+SG+P3';4;50
e;150119;'Ver:SPre+SG+P1';4;50
e;150118;'Ver:IPre+SG+P3';4;50
e;150117;'Ver:IPre+SG+P1';4;50
e;161702;'Ver:PPas';4;50
e;2935005;'VerbalTime:Present';4;0
e;2946892;'Ver:Conjug';4;0
e;3093591;'VerbalMode:Subjonctif';4;0
e;2586628;'Gender:Fem';4;0
e;2586629;'Number:Sing';4;0
e;3093590;'VerbalMode:Indicatif';4;0
e;146881;'Nom:Fem+SG';4;50
e;212235;'Ver:';4;50
e;146894;'Adj:Fem+SG';4;50
e;161698;'Ver:IPre+SG+P1:IPre+SG+P3:SPre+SG+P1:SPre+SG+P3:ImPre+SG+P2';4;50
e;161700;'Ver:PPas+Fem+SG';4;50
e;171869;'Adj:';4;50
e;171870;'Nom:';4;50
r;361880391;16930;14270798;4;25
r;363205321;16930;14270847;4;25
r;363026379;16930;14270944;4;25
r;363017387;16930;14270943;4;25
r;363008438;16930;14270942;4;25
r;362999580;16930;14270945;4;25
r;362990611;16930;150120;4;25
r;362981473;16930;150119;4;25
r;362972472;16930;150118;4;25
r;362963570;16930;150117;4;25
r;2247128;16930;161702;4;34
r;72093078;16930;2935005;4;45
r;72422320;16930;2946892;4;45
r;75857511;16930;3093591;4;45
r;53921505;16930;2586628;4;46
r;54059858;16930;2586629;4;46
r;75857510;16930;3093590;4;49
r;46288;16930;146881;4;52
r;12105753;16930;212235;4;54
r;352583;16930;146894;4;55
r;352584;16930;161698;4;57
r;352582;16930;161700;4;58
r;1952649;16930;171869;4;62
r;1418566;16930;171870;4;96