
e;16930;'prise';1;558
e;254878;'_POL-NEG_PC';36;50
e;223172;'_POL-NEG';36;50
e;317329;'_POLIT_7NOPOL';36;50
e;248197;'_SEX_YES';36;50
e;276096;'_INFO-WIKI-YES';36;50
e;162762;'_INFO-SEM-ORGA';36;122
e;15991432;'_ANIME-NO';36;50
e;248198;'_SEX_NO';36;50
e;254876;'_POL-POS_PC';36;50
e;214534;'_INFO-MEANING-FIGURED';36;50
e;191672;'_INFO-SEM-ACTION';36;36
e;162759;'_INFO-SEM-PLACE';36;504
e;217817;'_INFO-POLYSEMIC';36;50
e;438949;'_INFO-POLYMORPHIC';36;50
e;1654029;'_INFO-VOC-HARD';36;0
e;191741;'_INFO-VOC-COMMON';36;50
e;2585997;'_INFO-CNRTL-NO';36;50
e;162763;'_INFO-SEM-THING-CONCRETE';36;1238
e;191667;'_INFO-SEM-THING-ARTEFACT';36;242
e;254877;'_POL-NEUTRE_PC';36;50
e;163012;'_INFO-NO-MORE-QUESTION';36;6094
e;223173;'_POL-POS';36;50
e;241794;'_POL-NEUTRE';36;50
r;2332755;16930;254878;36;2
r;2018045;16930;223172;36;16
r;9166830;16930;317329;36;16
r;10738516;16930;248197;36;18
r;434010036;16930;276096;36;25
r;392322229;16930;162762;36;25
r;418283654;16930;15991432;36;25
r;2188221;16930;248198;36;31
r;2332753;16930;254876;36;31
r;52557208;16930;214534;36;40
r;11954637;16930;191672;36;41
r;667887;16930;162759;36;43
r;1608246;16930;217817;36;45
r;18994015;16930;438949;36;45
r;27185473;16930;1654029;36;46
r;740729;16930;191741;36;47
r;54675911;16930;2585997;36;51
r;433294;16930;162763;36;55
r;1561176;16930;191667;36;56
r;2332754;16930;254877;36;67
r;428895;16930;163012;36;80
r;2027880;16930;223173;36;217
r;1996043;16930;241794;36;463