
e;22316;'pris';1;122
e;14270943;'VerbalPers:P2';4;0
e;14270942;'VerbalPers:P1';4;0
e;14270945;'VerbalNumber:SG';4;0
e;161738;'Ver:IPSim+SG+P1';4;50
e;161736;'Ver:IPSim+SG+P2';4;50
e;3093590;'VerbalMode:Indicatif';4;0
e;14271095;'VerbalTime:PasséSimple';4;0
e;2946892;'Ver:Conjug';4;0
e;171870;'Nom:';4;50
e;2586629;'Number:Sing';4;0
e;2586627;'Gender:Mas';4;0
e;146888;'Adj:Mas+SG';4;50
e;147151;'Adj:Mas+PL';4;50
e;2586630;'Number:Plur';4;0
e;2935006;'VerbalTime:Past';4;0
e;212235;'Ver:';4;50
e;146892;'Adj:Mas+InvPL';4;50
e;161712;'Ver:PPas+Mas+SG:PPas+Mas+PL:IPSim+SG+P1:IPSim+SG+P2';4;50
e;161716;'Ver:PPas+Mas+SG:IPSim+SG+P1:IPSim+SG+P2';4;50
e;171869;'Adj:';4;50
e;161702;'Ver:PPas';4;50
r;362914982;22316;14270943;4;25
r;362914956;22316;14270942;4;25
r;362914930;22316;14270945;4;25
r;363810065;22316;161738;4;25
r;363810091;22316;161736;4;25
r;363811474;22316;3093590;4;25
r;363811524;22316;14271095;4;25
r;363811900;22316;2946892;4;25
r;417828199;22316;171870;4;25
r;105149547;22316;2586629;4;27
r;105148776;22316;2586627;4;28
r;105148060;22316;146888;4;29
r;119742290;22316;147151;4;32
r;105150097;22316;2586630;4;36
r;72154814;22316;2935006;4;45
r;12105765;22316;212235;4;52
r;46296;22316;146892;4;54
r;352593;22316;161712;4;56
r;352594;22316;161716;4;60
r;1418564;22316;171869;4;75
r;9060973;22316;161702;4;103