
e;155069;'privée';1;156
e;251716;'_INFO-MONOSEMIC';36;50
e;254878;'_POL-NEG_PC';36;50
e;254877;'_POL-NEUTRE_PC';36;50
e;317329;'_POLIT_7NOPOL';36;50
e;317324;'_POLIT_3PS';36;50
e;317326;'_POLIT_5UMP';36;50
e;217817;'_INFO-POLYSEMIC';36;50
e;276096;'_INFO-WIKI-YES';36;50
e;438949;'_INFO-POLYMORPHIC';36;50
e;223172;'_POL-NEG';36;50
e;241794;'_POL-NEUTRE';36;50
e;254876;'_POL-POS_PC';36;50
e;223173;'_POL-POS';36;50
r;375310460;155069;251716;36;-25
r;27062355;155069;254878;36;9
r;2326762;155069;254877;36;15
r;12026572;155069;317329;36;16
r;26073831;155069;317324;36;16
r;28087680;155069;317326;36;16
r;375310459;155069;217817;36;25
r;370907907;155069;276096;36;28
r;33829816;155069;438949;36;44
r;26521385;155069;223172;36;48
r;2000497;155069;241794;36;75
r;9234237;155069;254876;36;76
r;9124751;155069;223173;36;391