
e;116645;'pro';1;82
e;146894;'Adj:Fem+SG';4;50
e;146888;'Adj:Mas+SG';4;50
e;212622;'Prefix:';4;50
e;146881;'Nom:Fem+SG';4;50
e;2586634;'Gender:Inv';4;0
e;2586627;'Gender:Mas';4;0
e;2586628;'Gender:Fem';4;0
e;171869;'Adj:';4;50
e;2586629;'Number:Sing';4;0
e;146885;'Nom:Mas+SG';4;50
e;146883;'Adj:InvGen+SG';4;50
e;171870;'Nom:';4;50
e;146884;'Nom:InvGen+SG';4;50
r;16085994;116645;146894;4;32
r;16091417;116645;146888;4;35
r;121796856;116645;212622;4;44
r;16071957;116645;146881;4;45
r;53940578;116645;2586634;4;45
r;53975124;116645;2586627;4;45
r;53928312;116645;2586628;4;46
r;2300434;116645;171869;4;47
r;53946018;116645;2586629;4;47
r;46659;116645;146885;4;51
r;46657;116645;146883;4;53
r;526071;116645;171870;4;56
r;46658;116645;146884;4;57