
e;116645;'pro';1;82
e;248198;'_SEX_NO';36;50
e;254877;'_POL-NEUTRE_PC';36;50
e;276096;'_INFO-WIKI-YES';36;50
e;217817;'_INFO-POLYSEMIC';36;50
e;15991431;'_ANIME-YES';36;50
e;162763;'_INFO-SEM-THING-CONCRETE';36;1238
e;162759;'_INFO-SEM-PLACE';36;504
e;162761;'_INFO-SEM-PERS';36;732
e;191669;'_INFO-SEM-LIVING-BEING';36;160
e;191667;'_INFO-SEM-THING-ARTEFACT';36;242
e;458629;'_INFO-SEM-PLACE-HUMAN';36;504
e;438949;'_INFO-POLYMORPHIC';36;50
e;254876;'_POL-POS_PC';36;50
e;241794;'_POL-NEUTRE';36;50
e;2585997;'_INFO-CNRTL-NO';36;50
e;223173;'_POL-POS';36;50
r;3122754;116645;248198;36;16
r;9304618;116645;254877;36;23
r;434959827;116645;276096;36;25
r;390430530;116645;217817;36;25
r;417380558;116645;15991431;36;25
r;77922679;116645;162763;36;30
r;15940322;116645;162759;36;40
r;56394368;116645;162761;36;40
r;56468688;116645;191669;36;40
r;18513652;116645;191667;36;42
r;61644912;116645;458629;36;44
r;18682221;116645;438949;36;49
r;2578851;116645;254876;36;77
r;9214775;116645;241794;36;117
r;54996150;116645;2585997;36;150
r;2569354;116645;223173;36;388