
e;118316;'propre';1;1170
e;146894;'Adj:Fem+SG';4;50
e;146888;'Adj:Mas+SG';4;50
e;2586634;'Gender:Inv';4;0
e;2586627;'Gender:Mas';4;0
e;2586628;'Gender:Fem';4;0
e;2586629;'Number:Sing';4;0
e;146885;'Nom:Mas+SG';4;50
e;146883;'Adj:InvGen+SG';4;50
e;171870;'Nom:';4;50
e;171869;'Adj:';4;50
r;16085993;118316;146894;4;27
r;16091416;118316;146888;4;36
r;53940577;118316;2586634;4;45
r;53975123;118316;2586627;4;45
r;53928311;118316;2586628;4;46
r;53946017;118316;2586629;4;46
r;46646;118316;146885;4;55
r;46645;118316;146883;4;58
r;1418837;118316;171870;4;70
r;1418836;118316;171869;4;88