
e;8066;'proposer';1;150
e;254878;'_POL-NEG_PC';36;50
e;317325;'_POLIT_4MD';36;50
e;248198;'_SEX_NO';36;50
e;217817;'_INFO-POLYSEMIC';36;50
e;276096;'_INFO-WIKI-YES';36;50
e;223172;'_POL-NEG';36;50
e;254877;'_POL-NEUTRE_PC';36;50
e;254876;'_POL-POS_PC';36;50
e;2585996;'_INFO-CNRTL-YES';36;50
e;191741;'_INFO-VOC-COMMON';36;50
e;241794;'_POL-NEUTRE';36;50
e;223173;'_POL-POS';36;50
r;26997653;8066;254878;36;6
r;8918170;8066;317325;36;16
r;28125103;8066;248198;36;16
r;76471105;8066;217817;36;28
r;30649144;8066;276096;36;40
r;26538238;8066;223172;36;42
r;9263813;8066;254877;36;43
r;2348217;8066;254876;36;51
r;54778161;8066;2585996;36;54
r;740775;8066;191741;36;57
r;9101924;8066;241794;36;299
r;2028094;8066;223173;36;356