
e;118316;'propre';1;1170
e;254878;'_POL-NEG_PC';36;50
e;254877;'_POL-NEUTRE_PC';36;50
e;317329;'_POLIT_7NOPOL';36;50
e;317327;'_POLIT_6FN';36;50
e;317325;'_POLIT_4MD';36;50
e;248197;'_SEX_YES';36;50
e;317322;'_POLIT_1ECO';36;50
e;276096;'_INFO-WIKI-YES';36;50
e;438949;'_INFO-POLYMORPHIC';36;50
e;248198;'_SEX_NO';36;50
e;223172;'_POL-NEG';36;50
e;214534;'_INFO-MEANING-FIGURED';36;50
e;217817;'_INFO-POLYSEMIC';36;50
e;191741;'_INFO-VOC-COMMON';36;50
e;2585996;'_INFO-CNRTL-YES';36;50
e;241794;'_POL-NEUTRE';36;50
e;254876;'_POL-POS_PC';36;50
e;223173;'_POL-POS';36;50
r;27523751;118316;254878;36;5
r;2325711;118316;254877;36;9
r;8922914;118316;317329;36;10
r;8916770;118316;317327;36;16
r;24461659;118316;317325;36;16
r;28125090;118316;248197;36;16
r;8929540;118316;317322;36;17
r;418788835;118316;276096;36;25
r;427429209;118316;438949;36;26
r;2188094;118316;248198;36;27
r;26477955;118316;223172;36;34
r;52535441;118316;214534;36;40
r;1662005;118316;217817;36;43
r;740777;118316;191741;36;53
r;54755125;118316;2585996;36;59
r;2000111;118316;241794;36;62
r;2325710;118316;254876;36;87
r;2000416;118316;223173;36;618