
e;110732;'rapide';1;1000
e;254878;'_POL-NEG_PC';36;50
e;248198;'_SEX_NO';36;50
e;254877;'_POL-NEUTRE_PC';36;50
e;317326;'_POLIT_5UMP';36;50
e;317329;'_POLIT_7NOPOL';36;50
e;276096;'_INFO-WIKI-YES';36;50
e;15991431;'_ANIME-YES';36;50
e;15991432;'_ANIME-NO';36;50
e;458628;'_INFO-SEM-PLACE-GEO';36;504
e;214534;'_INFO-MEANING-FIGURED';36;50
e;162761;'_INFO-SEM-PERS';36;732
e;191669;'_INFO-SEM-LIVING-BEING';36;160
e;191741;'_INFO-VOC-COMMON';36;50
e;217817;'_INFO-POLYSEMIC';36;50
e;438949;'_INFO-POLYMORPHIC';36;50
e;163012;'_INFO-NO-MORE-QUESTION';36;6094
e;2585996;'_INFO-CNRTL-YES';36;50
e;162759;'_INFO-SEM-PLACE';36;504
e;223172;'_POL-NEG';36;50
e;254876;'_POL-POS_PC';36;50
e;241794;'_POL-NEUTRE';36;50
e;223173;'_POL-POS';36;50
r;9127847;110732;254878;36;11
r;96712780;110732;248198;36;11
r;2326036;110732;254877;36;15
r;8919951;110732;317326;36;17
r;8919952;110732;317329;36;17
r;432102776;110732;276096;36;25
r;417384859;110732;15991431;36;25
r;418293820;110732;15991432;36;25
r;97124175;110732;458628;36;28
r;52556172;110732;214534;36;40
r;59816888;110732;162761;36;40
r;60002287;110732;191669;36;40
r;740869;110732;191741;36;41
r;1593182;110732;217817;36;43
r;19275235;110732;438949;36;50
r;409622;110732;163012;36;51
r;54645748;110732;2585996;36;51
r;389480;110732;162759;36;55
r;9121779;110732;223172;36;68
r;2326035;110732;254876;36;75
r;2002534;110732;241794;36;96
r;1996036;110732;223173;36;481