
e;31576;'rapidement';1;3718
e;254878;'_POL-NEG_PC';36;50
e;317329;'_POLIT_7NOPOL';36;50
e;248197;'_SEX_YES';36;50
e;248198;'_SEX_NO';36;50
e;276096;'_INFO-WIKI-YES';36;50
e;223172;'_POL-NEG';36;50
e;254877;'_POL-NEUTRE_PC';36;50
e;191741;'_INFO-VOC-COMMON';36;50
e;217817;'_INFO-POLYSEMIC';36;50
e;2585996;'_INFO-CNRTL-YES';36;50
e;254876;'_POL-POS_PC';36;50
e;241794;'_POL-NEUTRE';36;50
e;223173;'_POL-POS';36;50
r;2339847;31576;254878;36;6
r;9177229;31576;317329;36;16
r;3640786;31576;248197;36;18
r;2194358;31576;248198;36;19
r;371847591;31576;276096;36;26
r;2020253;31576;223172;36;37
r;2339846;31576;254877;36;38
r;740870;31576;191741;36;43
r;1927347;31576;217817;36;46
r;54725564;31576;2585996;36;54
r;2339845;31576;254876;36;56
r;2005628;31576;241794;36;253
r;1997396;31576;223173;36;371