
e;110732;'rapide';1;1000
e;146885;'Nom:Mas+SG';4;50
e;2586634;'Gender:Inv';4;0
e;2586627;'Gender:Mas';4;0
e;2586628;'Gender:Fem';4;0
e;2586629;'Number:Sing';4;0
e;146881;'Nom:Fem+SG';4;50
e;146883;'Adj:InvGen+SG';4;50
e;171870;'Nom:';4;50
e;146888;'Adj:Mas+SG';4;50
e;146894;'Adj:Fem+SG';4;50
e;171869;'Adj:';4;50
r;29376540;110732;146885;4;35
r;53940740;110732;2586634;4;45
r;53975286;110732;2586627;4;45
r;53928474;110732;2586628;4;46
r;53946180;110732;2586629;4;47
r;48138;110732;146881;4;52
r;48137;110732;146883;4;59
r;491411;110732;171870;4;78
r;16091579;110732;146888;4;81
r;16086156;110732;146894;4;87
r;491412;110732;171869;4;101