
e;123543;'rarement';1;190
e;254878;'_POL-NEG_PC';36;50
e;317329;'_POLIT_7NOPOL';36;50
e;251716;'_INFO-MONOSEMIC';36;50
e;273221;'_INFO-WIKI-NO';36;50
e;191741;'_INFO-VOC-COMMON';36;50
e;254876;'_POL-POS_PC';36;50
e;191673;'_INFO-SEM-TIME';36;30
e;254877;'_POL-NEUTRE_PC';36;50
e;2585996;'_INFO-CNRTL-YES';36;50
e;223172;'_POL-NEG';36;50
e;223173;'_POL-POS';36;50
e;241794;'_POL-NEUTRE';36;50
r;27184680;123543;254878;36;12
r;8923540;123543;317329;36;16
r;96186502;123543;251716;36;30
r;88903152;123543;273221;36;34
r;740880;123543;191741;36;40
r;9234823;123543;254876;36;41
r;71813901;123543;191673;36;45
r;9234824;123543;254877;36;46
r;54883373;123543;2585996;36;58
r;26407393;123543;223172;36;115
r;9153308;123543;223173;36;381
r;9184397;123543;241794;36;426