
e;2094912;'recommande';2;0
e;14270798;'VerbalMode:Impératif';4;0
e;14270847;'Ver:ImPre+SG+P2';4;0
e;14270944;'VerbalPers:P3';4;0
e;14270943;'VerbalPers:P2';4;0
e;14270942;'VerbalPers:P1';4;0
e;14270945;'VerbalNumber:SG';4;0
e;150120;'Ver:SPre+SG+P3';4;50
e;150119;'Ver:SPre+SG+P1';4;50
e;150118;'Ver:IPre+SG+P3';4;50
e;150117;'Ver:IPre+SG+P1';4;50
e;3093591;'VerbalMode:Subjonctif';4;0
e;3093590;'VerbalMode:Indicatif';4;0
e;2935005;'VerbalTime:Present';4;0
e;2946892;'Ver:Conjug';4;0
e;161698;'Ver:IPre+SG+P1:IPre+SG+P3:SPre+SG+P1:SPre+SG+P3:ImPre+SG+P2';4;50
e;212235;'Ver:';4;50
r;361880189;2094912;14270798;4;25
r;363205523;2094912;14270847;4;25
r;363026581;2094912;14270944;4;25
r;363017596;2094912;14270943;4;25
r;363008640;2094912;14270942;4;25
r;362999780;2094912;14270945;4;25
r;362990817;2094912;150120;4;25
r;362981683;2094912;150119;4;25
r;362972674;2094912;150118;4;25
r;362963774;2094912;150117;4;25
r;77579631;2094912;3093591;4;27
r;77579632;2094912;3093590;4;41
r;72109129;2094912;2935005;4;45
r;72486406;2094912;2946892;4;45
r;32438641;2094912;161698;4;57
r;32438643;2094912;212235;4;66