
e;106413;'recommander';1;290
e;254878;'_POL-NEG_PC';36;50
e;254877;'_POL-NEUTRE_PC';36;50
e;217817;'_INFO-POLYSEMIC';36;50
e;273221;'_INFO-WIKI-NO';36;50
e;214534;'_INFO-MEANING-FIGURED';36;50
e;223172;'_POL-NEG';36;50
e;191741;'_INFO-VOC-COMMON';36;50
e;2585996;'_INFO-CNRTL-YES';36;50
e;254876;'_POL-POS_PC';36;50
e;241794;'_POL-NEUTRE';36;50
e;223173;'_POL-POS';36;50
r;27402993;106413;254878;36;8
r;9340722;106413;254877;36;15
r;2294232;106413;217817;36;40
r;31201649;106413;273221;36;40
r;52557189;106413;214534;36;40
r;26426847;106413;223172;36;42
r;740916;106413;191741;36;47
r;54875617;106413;2585996;36;57
r;2354124;106413;254876;36;77
r;9213582;106413;241794;36;81
r;2030801;106413;223173;36;412