
e;107744;'redire';1;106
e;254878;'_POL-NEG_PC';36;50
e;217817;'_INFO-POLYSEMIC';36;50
e;273221;'_INFO-WIKI-NO';36;50
e;254877;'_POL-NEUTRE_PC';36;50
e;191741;'_INFO-VOC-COMMON';36;50
e;254876;'_POL-POS_PC';36;50
e;2585996;'_INFO-CNRTL-YES';36;50
e;223172;'_POL-NEG';36;50
e;241794;'_POL-NEUTRE';36;50
e;223173;'_POL-POS';36;50
r;9233973;107744;254878;36;19
r;390443761;107744;217817;36;25
r;87302866;107744;273221;36;30
r;2350157;107744;254877;36;39
r;740939;107744;191741;36;40
r;9159222;107744;254876;36;42
r;54762011;107744;2585996;36;59
r;9228634;107744;223172;36;141
r;1996379;107744;241794;36;294
r;9148900;107744;223173;36;319