
e;69093;'refaire';1;236
e;248198;'_SEX_NO';36;50
e;217817;'_INFO-POLYSEMIC';36;50
e;254878;'_POL-NEG_PC';36;50
e;254877;'_POL-NEUTRE_PC';36;50
e;191741;'_INFO-VOC-COMMON';36;50
e;276096;'_INFO-WIKI-YES';36;50
e;214534;'_INFO-MEANING-FIGURED';36;50
e;254876;'_POL-POS_PC';36;50
e;2585996;'_INFO-CNRTL-YES';36;50
e;241794;'_POL-NEUTRE';36;50
e;223172;'_POL-NEG';36;50
e;223173;'_POL-POS';36;50
r;11530380;69093;248198;36;16
r;390444296;69093;217817;36;25
r;27439602;69093;254878;36;29
r;2353816;69093;254877;36;32
r;740948;69093;191741;36;40
r;30693203;69093;276096;36;40
r;52549966;69093;214534;36;40
r;2353815;69093;254876;36;46
r;54850483;69093;2585996;36;53
r;2018676;69093;241794;36;192
r;25810315;69093;223172;36;216
r;2022707;69093;223173;36;346