
e;2103799;'refaites';2;0
e;2586630;'Number:Plur';4;0
e;3093590;'VerbalMode:Indicatif';4;0
e;14270943;'VerbalPers:P2';4;0
e;14270946;'VerbalNumber:PL';4;0
e;14270846;'Ver:ImPre+PL+P2';4;0
e;14270798;'VerbalMode:Impératif';4;0
e;161702;'Ver:PPas';4;50
e;2935005;'VerbalTime:Present';4;0
e;2946892;'Ver:Conjug';4;0
e;171869;'Adj:';4;50
e;212235;'Ver:';4;50
e;161746;'Ver:IPre+PL+P2';4;50
e;161709;'Ver:PPas+Fem+PL';4;50
e;161745;'Ver:Imp+PL+P2';4;50
r;329859257;2103799;2586630;4;25
r;363086595;2103799;3093590;4;25
r;362919008;2103799;14270943;4;25
r;362918447;2103799;14270946;4;25
r;364325679;2103799;14270846;4;25
r;364326329;2103799;14270798;4;25
r;32964546;2103799;161702;4;45
r;72098556;2103799;2935005;4;45
r;72435353;2103799;2946892;4;45
r;32627660;2103799;171869;4;54
r;32180162;2103799;212235;4;55
r;32180161;2103799;161746;4;56
r;32180164;2103799;161709;4;57
r;32462065;2103799;161745;4;59