
e;62982;'remettre';1;300
e;254878;'_POL-NEG_PC';36;50
e;394107;'_INFO-MEANING-PREFERED';36;50
e;6736808;'_INFO-MEANING-DOUBTFUL';36;50
e;317329;'_POLIT_7NOPOL';36;50
e;276096;'_INFO-WIKI-YES';36;50
e;254876;'_POL-POS_PC';36;50
e;217817;'_INFO-POLYSEMIC';36;50
e;254877;'_POL-NEUTRE_PC';36;50
e;223172;'_POL-NEG';36;50
e;191741;'_INFO-VOC-COMMON';36;50
e;2585996;'_INFO-CNRTL-YES';36;50
e;223173;'_POL-POS';36;50
e;241794;'_POL-NEUTRE';36;50
r;27367517;62982;254878;36;8
r;307603553;62982;394107;36;10
r;307603554;62982;6736808;36;10
r;9234179;62982;317329;36;16
r;71858810;62982;276096;36;40
r;9089426;62982;254876;36;43
r;2131437;62982;217817;36;45
r;2333308;62982;254877;36;49
r;26359686;62982;223172;36;54
r;741000;62982;191741;36;56
r;54608900;62982;2585996;36;56
r;9090162;62982;223173;36;303
r;2025749;62982;241794;36;340