
e;52286;'remplacer';1;310
e;254878;'_POL-NEG_PC';36;50
e;317329;'_POLIT_7NOPOL';36;50
e;254877;'_POL-NEUTRE_PC';36;50
e;273221;'_INFO-WIKI-NO';36;50
e;217817;'_INFO-POLYSEMIC';36;50
e;223172;'_POL-NEG';36;50
e;191741;'_INFO-VOC-COMMON';36;50
e;2585996;'_INFO-CNRTL-YES';36;50
e;254876;'_POL-POS_PC';36;50
e;241794;'_POL-NEUTRE';36;50
e;223173;'_POL-POS';36;50
r;26891009;52286;254878;36;8
r;9195259;52286;317329;36;16
r;9234404;52286;254877;36;25
r;34415611;52286;273221;36;40
r;29050656;52286;217817;36;44
r;26474627;52286;223172;36;46
r;741006;52286;191741;36;49
r;54771593;52286;2585996;36;57
r;9149690;52286;254876;36;67
r;9207375;52286;241794;36;140
r;9135380;52286;223173;36;384