
e;419106;'remplacée';1;50
e;223172;'_POL-NEG';36;50
e;241794;'_POL-NEUTRE';36;50
e;223173;'_POL-POS';36;50
e;254877;'_POL-NEUTRE_PC';36;50
e;254878;'_POL-NEG_PC';36;50
e;438949;'_INFO-POLYMORPHIC';36;50
e;254876;'_POL-POS_PC';36;50
e;2585997;'_INFO-CNRTL-NO';36;50
r;98668390;419106;223172;36;1
r;98668392;419106;241794;36;1
r;98668391;419106;223173;36;3
r;98668394;419106;254877;36;29
r;98668395;419106;254878;36;29
r;34100273;419106;438949;36;41
r;98668393;419106;254876;36;60
r;72068035;419106;2585997;36;63