
e;59241;'revenir';1;312
e;254878;'_POL-NEG_PC';36;50
e;317329;'_POLIT_7NOPOL';36;50
e;217817;'_INFO-POLYSEMIC';36;50
e;276096;'_INFO-WIKI-YES';36;50
e;214534;'_INFO-MEANING-FIGURED';36;50
e;223172;'_POL-NEG';36;50
e;254876;'_POL-POS_PC';36;50
e;254877;'_POL-NEUTRE_PC';36;50
e;2585996;'_INFO-CNRTL-YES';36;50
e;191741;'_INFO-VOC-COMMON';36;50
e;223173;'_POL-POS';36;50
e;241794;'_POL-NEUTRE';36;50
r;27286291;59241;254878;36;6
r;9004333;59241;317329;36;16
r;1703233;59241;217817;36;40
r;29416697;59241;276096;36;40
r;52531977;59241;214534;36;40
r;26412663;59241;223172;36;44
r;2321252;59241;254876;36;46
r;2321253;59241;254877;36;48
r;54732484;59241;2585996;36;54
r;741101;59241;191741;36;56
r;2018798;59241;223173;36;363
r;2030790;59241;241794;36;375