
e;81165;'revoir';1;132
e;251716;'_INFO-MONOSEMIC';36;50
e;248198;'_SEX_NO';36;50
e;254878;'_POL-NEG_PC';36;50
e;317329;'_POLIT_7NOPOL';36;50
e;248197;'_SEX_YES';36;50
e;273221;'_INFO-WIKI-NO';36;50
e;217817;'_INFO-POLYSEMIC';36;50
e;223172;'_POL-NEG';36;50
e;191672;'_INFO-SEM-ACTION';36;36
e;438949;'_INFO-POLYMORPHIC';36;50
e;254877;'_POL-NEUTRE_PC';36;50
e;254876;'_POL-POS_PC';36;50
e;2585996;'_INFO-CNRTL-YES';36;50
e;191741;'_INFO-VOC-COMMON';36;50
e;241794;'_POL-NEUTRE';36;50
e;223173;'_POL-POS';36;50
r;310762219;81165;251716;36;-15
r;318768294;81165;248198;36;1
r;27420560;81165;254878;36;5
r;9096798;81165;317329;36;16
r;2195881;81165;248197;36;18
r;92962063;81165;273221;36;35
r;9076470;81165;217817;36;36
r;26404308;81165;223172;36;38
r;61273182;81165;191672;36;40
r;18526958;81165;438949;36;43
r;9249852;81165;254877;36;47
r;3236832;81165;254876;36;48
r;54622953;81165;2585996;36;56
r;741106;81165;191741;36;68
r;9210671;81165;241794;36;345
r;3235995;81165;223173;36;355