
e;18746;'rien';1;1050
e;146889;'Adv:';4;50
e;147826;'Pro:';4;50
e;146881;'Nom:Fem+SG';4;50
e;2586628;'Gender:Fem';4;0
e;2586629;'Number:Sing';4;0
e;2586634;'Gender:Inv';4;0
e;2586627;'Gender:Mas';4;0
e;146885;'Nom:Mas+SG';4;50
e;146884;'Nom:InvGen+SG';4;50
e;171870;'Nom:';4;50
r;483550;18746;146889;4;31
r;34451821;18746;147826;4;35
r;16072033;18746;146881;4;45
r;54042889;18746;2586628;4;45
r;54074481;18746;2586629;4;45
r;54083474;18746;2586634;4;45
r;54140982;18746;2586627;4;45
r;50355;18746;146885;4;51
r;50354;18746;146884;4;52
r;1420888;18746;171870;4;71