
e;20564;'rue';1;6853
e;14270798;'VerbalMode:Impératif';4;0
e;14270847;'Ver:ImPre+SG+P2';4;0
e;14270944;'VerbalPers:P3';4;0
e;14270943;'VerbalPers:P2';4;0
e;14270942;'VerbalPers:P1';4;0
e;14270945;'VerbalNumber:SG';4;0
e;150120;'Ver:SPre+SG+P3';4;50
e;150119;'Ver:SPre+SG+P1';4;50
e;150118;'Ver:IPre+SG+P3';4;50
e;150117;'Ver:IPre+SG+P1';4;50
e;2935005;'VerbalTime:Present';4;0
e;3093591;'VerbalMode:Subjonctif';4;0
e;161698;'Ver:IPre+SG+P1:IPre+SG+P3:SPre+SG+P1:SPre+SG+P3:ImPre+SG+P2';4;50
e;3093590;'VerbalMode:Indicatif';4;0
e;212235;'Ver:';4;50
e;2946892;'Ver:Conjug';4;0
e;2586628;'Gender:Fem';4;0
e;146881;'Nom:Fem+SG';4;50
e;2586629;'Number:Sing';4;0
e;171870;'Nom:';4;50
r;361882385;20564;14270798;4;25
r;363203328;20564;14270847;4;25
r;363024389;20564;14270944;4;25
r;363015365;20564;14270943;4;25
r;363006449;20564;14270942;4;25
r;362997584;20564;14270945;4;25
r;362988588;20564;150120;4;25
r;362979473;20564;150119;4;25
r;362970480;20564;150118;4;25
r;362961570;20564;150117;4;25
r;72093336;20564;2935005;4;45
r;75461206;20564;3093591;4;46
r;354025;20564;161698;4;52
r;75461205;20564;3093590;4;53
r;12109020;20564;212235;4;59
r;72422589;20564;2946892;4;65
r;54030181;20564;2586628;4;85
r;50981;20564;146881;4;93
r;54060846;20564;2586629;4;135
r;1421299;20564;171870;4;231