
e;112488;'récemment';1;92
e;254878;'_POL-NEG_PC';36;50
e;251716;'_INFO-MONOSEMIC';36;50
e;273221;'_INFO-WIKI-NO';36;50
e;254877;'_POL-NEUTRE_PC';36;50
e;223172;'_POL-NEG';36;50
e;2585996;'_INFO-CNRTL-YES';36;50
e;254876;'_POL-POS_PC';36;50
e;241794;'_POL-NEUTRE';36;50
e;223173;'_POL-POS';36;50
r;27106313;112488;254878;36;8
r;96036204;112488;251716;36;27
r;7497244;112488;273221;36;35
r;9338186;112488;254877;36;38
r;26508928;112488;223172;36;45
r;54877656;112488;2585996;36;51
r;9338185;112488;254876;36;55
r;9214286;112488;241794;36;212
r;9149895;112488;223173;36;308