
e;123550;'régler';1;254
e;317329;'_POLIT_7NOPOL';36;50
e;254878;'_POL-NEG_PC';36;50
e;317326;'_POLIT_5UMP';36;50
e;317324;'_POLIT_3PS';36;50
e;317325;'_POLIT_4MD';36;50
e;317327;'_POLIT_6FN';36;50
e;248198;'_SEX_NO';36;50
e;254877;'_POL-NEUTRE_PC';36;50
e;223172;'_POL-NEG';36;50
e;217817;'_INFO-POLYSEMIC';36;50
e;273221;'_INFO-WIKI-NO';36;50
e;191741;'_INFO-VOC-COMMON';36;50
e;2585996;'_INFO-CNRTL-YES';36;50
e;254876;'_POL-POS_PC';36;50
e;241794;'_POL-NEUTRE';36;50
e;223173;'_POL-POS';36;50
r;8920206;123550;317329;36;-2
r;27322276;123550;254878;36;7
r;97345659;123550;317326;36;10
r;8920205;123550;317324;36;16
r;8925955;123550;317325;36;16
r;12062014;123550;317327;36;16
r;28709823;123550;248198;36;17
r;2334805;123550;254877;36;27
r;26468918;123550;223172;36;42
r;2301534;123550;217817;36;45
r;7639470;123550;273221;36;45
r;740973;123550;191741;36;46
r;54762421;123550;2585996;36;57
r;2334804;123550;254876;36;66
r;2165596;123550;241794;36;161
r;2023301;123550;223173;36;390