
e;106987;'réverbère';1;90
e;146882;'Ver:Inf';4;50
e;3093590;'VerbalMode:Indicatif';4;0
e;14270943;'VerbalPers:P2';4;0
e;14270942;'VerbalPers:P1';4;0
e;14270944;'VerbalPers:P3';4;0
e;14270945;'VerbalNumber:SG';4;0
e;3093591;'VerbalMode:Subjonctif';4;0
e;14270847;'Ver:ImPre+SG+P2';4;0
e;14270798;'VerbalMode:Impératif';4;0
e;2586627;'Gender:Mas';4;0
e;2586629;'Number:Sing';4;0
e;2935005;'VerbalTime:Present';4;0
e;2946892;'Ver:Conjug';4;0
e;146885;'Nom:Mas+SG';4;50
e;150119;'Ver:SPre+SG+P1';4;50
e;150117;'Ver:IPre+SG+P1';4;50
e;212235;'Ver:';4;50
e;150116;'Ver:Imp+SG+P2';4;50
e;150120;'Ver:SPre+SG+P3';4;50
e;150118;'Ver:IPre+SG+P3';4;50
e;171870;'Nom:';4;50
r;394686641;106987;146882;4;-25
r;361910107;106987;3093590;4;25
r;362917508;106987;14270943;4;25
r;362816546;106987;14270942;4;25
r;362808570;106987;14270944;4;25
r;362807768;106987;14270945;4;25
r;362807333;106987;3093591;4;25
r;364325334;106987;14270847;4;25
r;361876274;106987;14270798;4;29
r;54140915;106987;2586627;4;45
r;54180037;106987;2586629;4;45
r;72093285;106987;2935005;4;45
r;72422536;106987;2946892;4;45
r;50117;106987;146885;4;51
r;353796;106987;150119;4;51
r;353794;106987;150117;4;52
r;12108626;106987;212235;4;53
r;353793;106987;150116;4;54
r;353797;106987;150120;4;57
r;353795;106987;150118;4;58
r;519031;106987;171870;4;58