
e;159721;'sales';1;72
e;14270943;'VerbalPers:P2';4;0
e;14270945;'VerbalNumber:SG';4;0
e;161718;'Ver:SPre+SG+P2';4;50
e;161717;'Ver:IPre+SG+P2';4;50
e;146893;'Nom:Fem+PL';4;50
e;149404;'Adj:Fem+PL';4;50
e;147151;'Adj:Mas+PL';4;50
e;146887;'Nom:Mas+PL';4;50
e;2586634;'Gender:Inv';4;0
e;2935005;'VerbalTime:Present';4;0
e;2946892;'Ver:Conjug';4;0
e;3093590;'VerbalMode:Indicatif';4;0
e;3093591;'VerbalMode:Subjonctif';4;0
e;2586628;'Gender:Fem';4;0
e;2586627;'Gender:Mas';4;0
e;2586630;'Number:Plur';4;0
e;161710;'Ver:IPre+SG+P2:SPre+SG+P2';4;50
e;171870;'Nom:';4;50
e;146909;'Adj:InvGen+PL';4;50
e;148283;'Nom:InvGen+PL';4;50
e;212235;'Ver:';4;50
e;171869;'Adj:';4;50
r;362952941;159721;14270943;4;25
r;362944543;159721;14270945;4;25
r;362936060;159721;161718;4;25
r;362927592;159721;161717;4;25
r;16070364;159721;146893;4;27
r;16079410;159721;149404;4;29
r;16080313;159721;147151;4;31
r;16070613;159721;146887;4;32
r;53933829;159721;2586634;4;45
r;72093353;159721;2935005;4;45
r;72422609;159721;2946892;4;45
r;75576214;159721;3093590;4;45
r;75576215;159721;3093591;4;45
r;53900527;159721;2586628;4;46
r;53948860;159721;2586627;4;46
r;53911047;159721;2586630;4;47
r;354116;159721;161710;4;53
r;12109197;159721;171870;4;53
r;354114;159721;146909;4;58
r;354115;159721;148283;4;58
r;12109200;159721;212235;4;58
r;12109193;159721;171869;4;67