
e;142663;'sale';1;1392
e;14270798;'VerbalMode:Impératif';4;0
e;14270847;'Ver:ImPre+SG+P2';4;0
e;14270944;'VerbalPers:P3';4;0
e;14270943;'VerbalPers:P2';4;0
e;14270942;'VerbalPers:P1';4;0
e;14270945;'VerbalNumber:SG';4;0
e;150120;'Ver:SPre+SG+P3';4;50
e;150119;'Ver:SPre+SG+P1';4;50
e;150118;'Ver:IPre+SG+P3';4;50
e;150117;'Ver:IPre+SG+P1';4;50
e;146894;'Adj:Fem+SG';4;50
e;146881;'Nom:Fem+SG';4;50
e;171870;'Nom:';4;50
e;146888;'Adj:Mas+SG';4;50
e;146885;'Nom:Mas+SG';4;50
e;2586634;'Gender:Inv';4;0
e;2586627;'Gender:Mas';4;0
e;2935005;'VerbalTime:Present';4;0
e;2946892;'Ver:Conjug';4;0
e;3093591;'VerbalMode:Subjonctif';4;0
e;2586628;'Gender:Fem';4;0
e;2586629;'Number:Sing';4;0
e;3093590;'VerbalMode:Indicatif';4;0
e;161698;'Ver:IPre+SG+P1:IPre+SG+P3:SPre+SG+P1:SPre+SG+P3:ImPre+SG+P2';4;50
e;212235;'Ver:';4;50
e;146884;'Nom:InvGen+SG';4;50
e;146883;'Adj:InvGen+SG';4;50
e;171869;'Adj:';4;50
r;361881167;142663;14270798;4;25
r;363204545;142663;14270847;4;25
r;363025604;142663;14270944;4;25
r;363016595;142663;14270943;4;25
r;363007664;142663;14270942;4;25
r;362998796;142663;14270945;4;25
r;362989816;142663;150120;4;25
r;362980697;142663;150119;4;25
r;362971696;142663;150118;4;25
r;362962791;142663;150117;4;25
r;16086344;142663;146894;4;28
r;16072051;142663;146881;4;30
r;2372409;142663;171870;4;35
r;16091767;142663;146888;4;41
r;16073520;142663;146885;4;42
r;53940928;142663;2586634;4;45
r;53975474;142663;2586627;4;45
r;72093352;142663;2935005;4;45
r;72422608;142663;2946892;4;45
r;75576213;142663;3093591;4;45
r;53928662;142663;2586628;4;46
r;53946368;142663;2586629;4;46
r;75576212;142663;3093590;4;50
r;354113;142663;161698;4;55
r;12109192;142663;212235;4;55
r;51344;142663;146884;4;59
r;51342;142663;146883;4;60
r;1421511;142663;171869;4;74