
e;142663;'sale';1;1392
e;254876;'_POL-POS_PC';36;50
e;254877;'_POL-NEUTRE_PC';36;50
e;317329;'_POLIT_7NOPOL';36;50
e;223173;'_POL-POS';36;50
e;248197;'_SEX_YES';36;50
e;15991431;'_ANIME-YES';36;50
e;241794;'_POL-NEUTRE';36;50
e;248198;'_SEX_NO';36;50
e;214534;'_INFO-MEANING-FIGURED';36;50
e;162761;'_INFO-SEM-PERS';36;732
e;191669;'_INFO-SEM-LIVING-BEING';36;160
e;217817;'_INFO-POLYSEMIC';36;50
e;276096;'_INFO-WIKI-YES';36;50
e;438949;'_INFO-POLYMORPHIC';36;50
e;191741;'_INFO-VOC-COMMON';36;50
e;2585996;'_INFO-CNRTL-YES';36;50
e;254878;'_POL-NEG_PC';36;50
e;223172;'_POL-NEG';36;50
r;2321044;142663;254876;36;2
r;2321045;142663;254877;36;2
r;9111431;142663;317329;36;16
r;2022618;142663;223173;36;21
r;2188395;142663;248197;36;24
r;417380313;142663;15991431;36;25
r;1997900;142663;241794;36;26
r;2188640;142663;248198;36;31
r;52629408;142663;214534;36;40
r;56393602;142663;162761;36;40
r;56468441;142663;191669;36;40
r;72768659;142663;217817;36;40
r;19249517;142663;276096;36;45
r;15876196;142663;438949;36;50
r;741203;142663;191741;36;55
r;54755167;142663;2585996;36;59
r;2321046;142663;254878;36;96
r;1995234;142663;223172;36;1067