
e;159721;'sales';1;72
e;254877;'_POL-NEUTRE_PC';36;50
e;254876;'_POL-POS_PC';36;50
e;273221;'_INFO-WIKI-NO';36;50
e;1912917;'_INFO-COUNTABLE-YES';36;0
e;438949;'_INFO-POLYMORPHIC';36;50
e;254878;'_POL-NEG_PC';36;50
e;241794;'_POL-NEUTRE';36;50
e;223173;'_POL-POS';36;50
e;223172;'_POL-NEG';36;50
r;27204210;159721;254877;36;22
r;27204209;159721;254876;36;24
r;211619937;159721;273221;36;33
r;30786424;159721;1912917;36;40
r;18706781;159721;438949;36;47
r;9089481;159721;254878;36;54
r;26439962;159721;241794;36;89
r;26308690;159721;223173;36;98
r;9090216;159721;223172;36;217