
e;59340;'sanitaires';1;90
e;254878;'_POL-NEG_PC';36;50
e;254877;'_POL-NEUTRE_PC';36;50
e;251716;'_INFO-MONOSEMIC';36;50
e;276096;'_INFO-WIKI-YES';36;50
e;1912917;'_INFO-COUNTABLE-YES';36;0
e;223172;'_POL-NEG';36;50
e;438949;'_INFO-POLYMORPHIC';36;50
e;254876;'_POL-POS_PC';36;50
e;241794;'_POL-NEUTRE';36;50
e;223173;'_POL-POS';36;50
r;27161189;59340;254878;36;8
r;9285009;59340;254877;36;27
r;96128521;59340;251716;36;27
r;77818205;59340;276096;36;30
r;30787216;59340;1912917;36;41
r;26424347;59340;223172;36;43
r;18580654;59340;438949;36;44
r;9285008;59340;254876;36;72
r;9187211;59340;241794;36;105
r;9127600;59340;223173;36;373