
e;34025;'savoir';1;862
e;317329;'_POLIT_7NOPOL';36;50
e;254878;'_POL-NEG_PC';36;50
e;254877;'_POL-NEUTRE_PC';36;50
e;317326;'_POLIT_5UMP';36;50
e;317325;'_POLIT_4MD';36;50
e;248197;'_SEX_YES';36;50
e;223172;'_POL-NEG';36;50
e;276096;'_INFO-WIKI-YES';36;50
e;15991432;'_ANIME-NO';36;50
e;217817;'_INFO-POLYSEMIC';36;50
e;438949;'_INFO-POLYMORPHIC';36;50
e;191741;'_INFO-VOC-COMMON';36;50
e;163012;'_INFO-NO-MORE-QUESTION';36;6094
e;2585996;'_INFO-CNRTL-YES';36;50
e;163274;'_INFO-SEM-THING-ABSTR';36;578
e;254876;'_POL-POS_PC';36;50
e;241794;'_POL-NEUTRE';36;50
e;223173;'_POL-POS';36;50
r;11530397;34025;317329;36;-2
r;27456877;34025;254878;36;3
r;2327069;34025;254877;36;16
r;11530396;34025;317326;36;16
r;11753671;34025;317325;36;16
r;19421709;34025;248197;36;16
r;26408486;34025;223172;36;18
r;432645271;34025;276096;36;25
r;417969773;34025;15991432;36;25
r;390464472;34025;217817;36;26
r;30469923;34025;438949;36;43
r;741238;34025;191741;36;53
r;596501;34025;163012;36;56
r;54602673;34025;2585996;36;57
r;431705;34025;163274;36;60
r;2327068;34025;254876;36;82
r;2131053;34025;241794;36;112
r;1996941;34025;223173;36;585