
e;2090270;'semblent';2;0
e;14270944;'VerbalPers:P3';4;0
e;14270946;'VerbalNumber:PL';4;0
e;161707;'Ver:SPre+PL+P3';4;50
e;161706;'Ver:IPre+PL+P3';4;50
e;171870;'Nom:';4;50
e;3093590;'VerbalMode:Indicatif';4;0
e;3093591;'VerbalMode:Subjonctif';4;0
e;2935005;'VerbalTime:Present';4;0
e;2946892;'Ver:Conjug';4;0
e;161711;'Ver:IPre+PL+P3:SPre+PL+P3';4;50
e;212235;'Ver:';4;50
r;363061741;2090270;14270944;4;25
r;363054273;2090270;14270946;4;25
r;363046725;2090270;161707;4;25
r;363039191;2090270;161706;4;25
r;425048774;2090270;171870;4;25
r;83366648;2090270;3093590;4;27
r;83366647;2090270;3093591;4;28
r;72108195;2090270;2935005;4;45
r;72481603;2090270;2946892;4;45
r;32413951;2090270;161711;4;62
r;32413955;2090270;212235;4;66