
e;74892;'sembler';1;118
e;254878;'_POL-NEG_PC';36;50
e;254876;'_POL-POS_PC';36;50
e;248198;'_SEX_NO';36;50
e;217817;'_INFO-POLYSEMIC';36;50
e;223172;'_POL-NEG';36;50
e;273221;'_INFO-WIKI-NO';36;50
e;2585996;'_INFO-CNRTL-YES';36;50
e;191741;'_INFO-VOC-COMMON';36;50
e;254877;'_POL-NEUTRE_PC';36;50
e;223173;'_POL-POS';36;50
e;241794;'_POL-NEUTRE';36;50
r;27433525;74892;254878;36;2
r;2380962;74892;254876;36;7
r;2211319;74892;248198;36;16
r;390467833;74892;217817;36;25
r;26479861;74892;223172;36;35
r;85308130;74892;273221;36;43
r;54772406;74892;2585996;36;51
r;741305;74892;191741;36;56
r;9312519;74892;254877;36;91
r;2012580;74892;223173;36;106
r;9209914;74892;241794;36;1484