
e;428764;'sentait';1;50
e;14270944;'VerbalPers:P3';4;0
e;14270945;'VerbalNumber:SG';4;0
e;14271094;'VerbalTime:Imparfait';4;0
e;3093590;'VerbalMode:Indicatif';4;0
e;2935006;'VerbalTime:Past';4;0
e;2946892;'Ver:Conjug';4;0
e;161747;'Ver:IImp+SG+P3';4;50
e;212235;'Ver:';4;50
r;363317858;428764;14270944;4;25
r;363309597;428764;14270945;4;25
r;363301336;428764;14271094;4;25
r;363294700;428764;3093590;4;25
r;72116298;428764;2935006;4;45
r;72424227;428764;2946892;4;45
r;14362402;428764;161747;4;59
r;14362403;428764;212235;4;60