
e;26193;'sentir';1;1122
e;254878;'_POL-NEG_PC';36;50
e;248198;'_SEX_NO';36;50
e;248197;'_SEX_YES';36;50
e;276096;'_INFO-WIKI-YES';36;50
e;214534;'_INFO-MEANING-FIGURED';36;50
e;191672;'_INFO-SEM-ACTION';36;36
e;217817;'_INFO-POLYSEMIC';36;50
e;254876;'_POL-POS_PC';36;50
e;254877;'_POL-NEUTRE_PC';36;50
e;191741;'_INFO-VOC-COMMON';36;50
e;2585996;'_INFO-CNRTL-YES';36;50
e;163012;'_INFO-NO-MORE-QUESTION';36;6094
e;223172;'_POL-NEG';36;50
e;223173;'_POL-POS';36;50
e;241794;'_POL-NEUTRE';36;50
r;27434565;26193;254878;36;12
r;2195464;26193;248198;36;21
r;2194018;26193;248197;36;22
r;431478074;26193;276096;36;25
r;52534694;26193;214534;36;40
r;61274484;26193;191672;36;40
r;1700695;26193;217817;36;41
r;2346281;26193;254876;36;43
r;2346282;26193;254877;36;45
r;741320;26193;191741;36;54
r;54720802;26193;2585996;36;59
r;462760;26193;163012;36;60
r;26319183;26193;223172;36;83
r;1996157;26193;223173;36;298
r;1995279;26193;241794;36;307