
e;51139;'serrée';1;84
e;254877;'_POL-NEUTRE_PC';36;50
e;248198;'_SEX_NO';36;50
e;248197;'_SEX_YES';36;50
e;15991432;'_ANIME-NO';36;50
e;241794;'_POL-NEUTRE';36;50
e;438949;'_INFO-POLYMORPHIC';36;50
e;273221;'_INFO-WIKI-NO';36;50
e;2585997;'_INFO-CNRTL-NO';36;50
e;254878;'_POL-NEG_PC';36;50
e;223172;'_POL-NEG';36;50
r;27333421;51139;254877;36;8
r;2191923;51139;248198;36;17
r;2190401;51139;248197;36;21
r;418326230;51139;15991432;36;25
r;26432273;51139;241794;36;39
r;18531930;51139;438949;36;47
r;5127142;51139;273221;36;49
r;425203232;51139;2585997;36;50
r;9302835;51139;254878;36;92
r;9180624;51139;223172;36;430