
e;51139;'serrée';1;84
e;161702;'Ver:PPas';4;50
e;2586628;'Gender:Fem';4;0
e;2586629;'Number:Sing';4;0
e;212235;'Ver:';4;50
e;161700;'Ver:PPas+Fem+SG';4;50
e;146894;'Adj:Fem+SG';4;50
e;146881;'Nom:Fem+SG';4;50
e;171870;'Nom:';4;50
e;171869;'Adj:';4;50
r;2247225;51139;161702;4;30
r;53921649;51139;2586628;4;46
r;54061225;51139;2586629;4;46
r;12109674;51139;212235;4;53
r;354361;51139;161700;4;54
r;354360;51139;146894;4;59
r;52603;51139;146881;4;60
r;1950459;51139;171870;4;65
r;1952784;51139;171869;4;71