
e;2233;'servis';1;68
e;14271095;'VerbalTime:PasséSimple';4;0
e;3093590;'VerbalMode:Indicatif';4;0
e;14270943;'VerbalPers:P2';4;0
e;14270942;'VerbalPers:P1';4;0
e;14270945;'VerbalNumber:SG';4;0
e;161738;'Ver:IPSim+SG+P1';4;50
e;161736;'Ver:IPSim+SG+P2';4;50
e;2935006;'VerbalTime:Past';4;0
e;2946892;'Ver:Conjug';4;0
e;2586627;'Gender:Mas';4;0
e;2586630;'Number:Plur';4;0
e;147151;'Adj:Mas+PL';4;50
e;161737;'Ver:PPas+Mas+PL:IPSim+SG+P1:IPSim+SG+P2';4;50
e;161704;'Ver:IPSim+SG+P1:IPSim+SG+P2';4;50
e;212235;'Ver:';4;50
e;171870;'Nom:';4;50
e;171869;'Adj:';4;50
r;363162961;2233;14271095;4;25
r;363162817;2233;3093590;4;25
r;362917171;2233;14270943;4;25
r;362917128;2233;14270942;4;25
r;362917079;2233;14270945;4;25
r;363810770;2233;161738;4;25
r;363810811;2233;161736;4;25
r;72154843;2233;2935006;4;45
r;72422664;2233;2946892;4;45
r;53947647;2233;2586627;4;46
r;53957220;2233;2586630;4;46
r;354375;2233;147151;4;51
r;354376;2233;161737;4;51
r;354377;2233;161704;4;56
r;12109714;2233;212235;4;56
r;1422910;2233;171870;4;59
r;12109713;2233;171869;4;61