
e;2233;'servis';1;68
e;254878;'_POL-NEG_PC';36;50
e;223172;'_POL-NEG';36;50
e;273221;'_INFO-WIKI-NO';36;50
e;254877;'_POL-NEUTRE_PC';36;50
e;438949;'_INFO-POLYMORPHIC';36;50
e;2585997;'_INFO-CNRTL-NO';36;50
e;254876;'_POL-POS_PC';36;50
e;241794;'_POL-NEUTRE';36;50
e;223173;'_POL-POS';36;50
r;422941229;2233;254878;36;1
r;105455551;2233;223172;36;2
r;422941230;2233;273221;36;25
r;27396257;2233;254877;36;25
r;18672974;2233;438949;36;39
r;105455548;2233;2585997;36;58
r;27396256;2233;254876;36;75
r;26169186;2233;241794;36;95
r;18672979;2233;223173;36;289