
e;124758;'serviable';1;138
e;254878;'_POL-NEG_PC';36;50
e;254877;'_POL-NEUTRE_PC';36;50
e;217817;'_INFO-POLYSEMIC';36;50
e;223172;'_POL-NEG';36;50
e;273221;'_INFO-WIKI-NO';36;50
e;191741;'_INFO-VOC-COMMON';36;50
e;241794;'_POL-NEUTRE';36;50
e;2585996;'_INFO-CNRTL-YES';36;50
e;254876;'_POL-POS_PC';36;50
e;223173;'_POL-POS';36;50
r;27132368;124758;254878;36;6
r;2381583;124758;254877;36;8
r;390470739;124758;217817;36;25
r;26604100;124758;223172;36;39
r;54339853;124758;273221;36;40
r;741338;124758;191741;36;42
r;1996658;124758;241794;36;53
r;54339773;124758;2585996;36;60
r;2381582;124758;254876;36;86
r;2028767;124758;223173;36;564