
e;24247;'service';1;678
e;6902;'due';1;80
e;22700;'prestation';1;70
e;75249;'serviteurs';1;58
e;28985;'fleur';1;4876
e;152135;'amabilités';1;50
e;125053;'entretien';1;368
e;14643;'célébration';1;240
e;149413;'organes';1;106
e;10897;'service militaire';1;118
e;2373231;'sarimonie';1;0
e;3384557;'Coup de pouce';777;0
e;2360057;'aimabilité';1;0
e;2381177;'mainforte';1;0
e;132443;'devoir';1;908
e;29737;'amitié';1;2020
e;120759;'prêt';1;420
e;140957;'usage';1;266
e;56494;'amabilité';1;128
e;509;'main-forte';1;52
e;76607;'secrétariat';1;96
e;15138;'dépannage';1;146
e;23195;'emploi';1;906
e;8254;'bureau';1;2622
e;58768;'organisme';1;278
e;109798;'bienfait';1;78
e;63471;'protection';1;1722
e;44335;'organe';1;838
e;97706;'fonction';1;434
e;108806;'complaisance';1;68
e;95208;'servante';1;224
e;144785;'coup d'épaule';1;50
e;102345;'plaisir';1;3528
e;5128;'encouragement';1;142
e;96851;'pièce';1;3154
e;141168;'domestique';1;542
e;134503;'servitude';1;104
e;84415;'corvée';1;306
e;73177;'obligeance';1;60
e;122769;'entraide';1;98
e;67105;'assortiment';1;70
e;49181;'subvention';1;100
e;127940;'culte';1;336
e;104709;'rescousse';1;50
e;146136;'occupation';1;264
e;74572;'patronage';1;52
e;111772;'subside';1;54
e;13872;'liturgie';1;128
e;9580;'bon office';1;50
e;140962;'piston';1;128
e;115616;'participation';1;150
e;63457;'contribution';1;98
e;14811;'permanence';1;136
e;25348;'serviteur';1;196
e;144086;'funérailles';1;274
e;128433;'bons offices';1;50
e;84266;'cérémonie';1;466
e;22147;'coup de main';1;120
e;86976;'appui';1;104
e;64633;'disposition';1;198
e;57957;'coup de pouce';1;98
e;1418;'régiment';1;122
e;139500;'avance';1;182
e;26153;'bénéfice';1;364
e;140500;'charge';1;246
e;44547;'garde';1;570
e;122978;'faveur';1;180
e;89353;'desserte';1;74
e;13855;'conseil';1;346
e;41994;'intervention';1;220
e;86627;'organisation';1;562
e;98988;'messe';1;980
e;33701;'soutien';1;368
e;9744;'soulagement';1;502
e;115805;'soin';1;1282
e;16875;'direction';1;998
e;135388;'assistance';1;316
e;36327;'plat';1;3474
e;116667;'domesticité';1;110
e;76604;'coopération';1;104
e;37765;'office';1;174
e;64226;'administration';1;358
e;49450;'aide';1;908
e;114700;'bien';1;3055
e;22443;'secours';1;454
e;13331;'concours';1;632
e;70283;'travail';1;4574
e;90691;'renfort';1;56
e;83544;'pourboire';1;214
e;111394;'département';1;1456
e;31138;'charité';1;264
e;11439;'grâce';1;286
e;6011;'utilité';1;218
e;115401;'quart';1;274
r;85512234;24247;6902;5;-5
r;418632704;24247;15456850;5;5
r;391454140;24247;14944942;5;10
r;416242168;24247;14922103;5;15
r;309934608;24247;1784213;5;24
r;309937113;24247;1742520;5;25
r;310025726;24247;599489;5;25
r;310076944;24247;595087;5;25
r;310090734;24247;593863;5;25
r;310093416;24247;593459;5;25
r;310927942;24247;157700;5;25
r;310982855;24247;439961;5;25
r;310991817;24247;452254;5;25
r;311004846;24247;452262;5;25
r;12160794;24247;237670;5;26
r;12326783;24247;22700;5;26
r;329766202;24247;439320;5;26
r;210727963;24247;7992030;5;27
r;85640718;24247;75249;5;28
r;12194759;24247;28985;5;29
r;85833873;24247;152135;5;29
r;12190375;24247;125053;5;31
r;12315082;24247;14643;5;31
r;85739602;24247;149413;5;32
r;12188802;24247;10897;5;35
r;31094284;24247;219895;5;36
r;68544291;24247;2373231;5;39
r;87233158;24247;3384557;5;41
r;61421596;24247;2360057;5;45
r;61421088;24247;2381177;5;47
r;54714400;24247;132443;5;51
r;54714407;24247;29737;5;51
r;54714409;24247;120759;5;51
r;54714411;24247;140957;5;51
r;54714412;24247;56494;5;51
r;54714415;24247;509;5;51
r;54714422;24247;76607;5;51
r;54714435;24247;15138;5;51
r;54687154;24247;23195;5;52
r;54687232;24247;8254;5;52
r;54687252;24247;58768;5;52
r;54692097;24247;109798;5;52
r;54695111;24247;63471;5;52
r;54705799;24247;44335;5;52
r;54714399;24247;97706;5;52
r;54714401;24247;108806;5;52
r;54714423;24247;95208;5;52
r;54714431;24247;144785;5;52
r;54626083;24247;102345;5;53
r;54631170;24247;5128;5;53
r;54714404;24247;96851;5;53
r;54714416;24247;141168;5;53
r;54714425;24247;134503;5;53
r;54714413;24247;84415;5;54
r;54714420;24247;73177;5;54
r;54714436;24247;122769;5;54
r;54714437;24247;67105;5;54
r;54714402;24247;49181;5;56
r;54714433;24247;127940;5;56
r;54714403;24247;104709;5;57
r;54714406;24247;146136;5;57
r;54714408;24247;74572;5;57
r;54714410;24247;111772;5;57
r;54714426;24247;13872;5;57
r;54714429;24247;9580;5;57
r;54714405;24247;140962;5;58
r;54714414;24247;115616;5;58
r;54714418;24247;63457;5;58
r;54714419;24247;14811;5;58
r;54714424;24247;25348;5;58
r;54714427;24247;144086;5;58
r;54714430;24247;128433;5;58
r;54714434;24247;84266;5;58
r;54714432;24247;22147;5;59
r;53766372;24247;86976;5;60
r;54243557;24247;64633;5;60
r;54714417;24247;57957;5;60
r;54714421;24247;1418;5;60
r;54714428;24247;139500;5;60
r;53762670;24247;26153;5;62
r;53761237;24247;140500;5;64
r;53747733;24247;44547;5;65
r;53750564;24247;122978;5;65
r;53756620;24247;89353;5;65
r;53758543;24247;13855;5;65
r;53744344;24247;41994;5;66
r;53737137;24247;86627;5;67
r;53740813;24247;98988;5;67
r;53717466;24247;33701;5;69
r;53717790;24247;9744;5;69
r;53718350;24247;115805;5;69
r;569712;24247;16875;5;75
r;569711;24247;135388;5;76
r;12196572;24247;36327;5;76
r;569715;24247;116667;5;77
r;569706;24247;76604;5;78
r;569721;24247;37765;5;78
r;569705;24247;64226;5;79
r;569708;24247;49450;5;79
r;569714;24247;114700;5;79
r;569713;24247;22443;5;81
r;569720;24247;13331;5;81
r;569716;24247;70283;5;82
r;1695197;24247;90691;5;82
r;569707;24247;83544;5;83
r;569709;24247;111394;5;83
r;569717;24247;31138;5;83
r;569718;24247;11439;5;83
r;569719;24247;6011;5;83
r;569710;24247;115401;5;84
r;85509036;6902;24247;5;-30
r;396959465;15092517;24247;5;10
r;390886259;14935800;24247;5;10
r;398229479;15305027;24247;5;10
r;398939614;14935424;24247;5;10
r;412209389;15103856;24247;5;10
r;412209485;14924567;24247;5;10
r;398964283;15456850;24247;5;20
r;85728413;149413;24247;5;26
r;85809743;152135;24247;5;26
r;1729021;28985;24247;5;28
r;1752319;10897;24247;5;28
r;85612686;75249;24247;5;28
r;210668042;7992030;24247;5;28
r;581496;13331;24247;5;29
r;10739981;237670;24247;5;31
r;309224182;157700;24247;5;33
r;309224183;439961;24247;5;33
r;309231106;439320;24247;5;33
r;309241088;452254;24247;5;33
r;309241162;452262;24247;5;33
r;309317328;593459;24247;5;33
r;309320021;593863;24247;5;33
r;309328790;595087;24247;5;33
r;309367287;599489;24247;5;33
r;309424003;1742520;24247;5;33
r;309425076;1784213;24247;5;33
r;679625;22443;24247;5;34
r;59522762;95208;24247;5;37
r;1737675;125053;24247;5;39
r;59522766;144086;24247;5;43
r;59522747;146136;24247;5;44
r;391237168;14944942;24247;5;45
r;53601890;122978;24247;5;51
r;53683231;33701;24247;5;51
r;54615883;5128;24247;5;51
r;54673641;109798;24247;5;51
r;54852476;74572;24247;5;51
r;54872351;97706;24247;5;51
r;54874928;104709;24247;5;51
r;54877444;111772;24247;5;51
r;53589098;26153;24247;5;52
r;53607213;41994;24247;5;52
r;54683944;23195;24247;5;52
r;54740631;139500;24247;5;52
r;54744523;96851;24247;5;52
r;54780986;14811;24247;5;52
r;54876386;108806;24247;5;52
r;55014444;73177;24247;5;52
r;55230220;128433;24247;5;52
r;53592985;13855;24247;5;53
r;53604259;44547;24247;5;53
r;53681822;115805;24247;5;53
r;54734568;140957;24247;5;53
r;409931;14643;24247;5;54
r;54781120;15138;24247;5;54
r;12326733;22700;24247;5;54
r;53595260;89353;24247;5;54
r;53615324;86627;24247;5;54
r;54796648;49181;24247;5;54
r;53682699;9744;24247;5;55
r;54224424;64633;24247;5;55
r;54645010;44335;24247;5;55
r;54721999;25348;24247;5;55
r;53610521;98988;24247;5;56
r;54720659;127940;24247;5;56
r;53590340;140500;24247;5;57
r;54734007;56494;24247;5;57
r;54849799;67105;24247;5;57
r;54925107;57957;24247;5;57
r;54938188;122769;24247;5;57
r;61037102;2360057;24247;5;57
r;87025057;3384557;24247;5;57
r;54624794;102345;24247;5;58
r;54735065;132443;24247;5;58
r;54761683;120759;24247;5;58
r;54780559;13872;24247;5;58
r;54853227;76607;24247;5;58
r;54899403;134503;24247;5;58
r;53585298;86976;24247;5;59
r;54774905;1418;24247;5;59
r;54848445;63457;24247;5;59
r;55129237;509;24247;5;59
r;61047114;2381177;24247;5;59
r;54669317;63471;24247;5;60
r;54683876;8254;24247;5;60
r;54714156;141168;24247;5;60
r;54735094;84415;24247;5;60
r;54773651;29737;24247;5;60
r;54878965;115616;24247;5;60
r;55129268;144785;24247;5;60
r;55133699;9580;24247;5;60
r;397763466;14922103;24247;5;60
r;54683331;58768;24247;5;67
r;54724015;84266;24247;5;70
r;63290864;2373231;24247;5;70
r;617928;111394;24247;5;75
r;724034;116667;24247;5;75
r;31093603;219895;24247;5;75
r;59522746;140962;24247;5;75
r;59522771;22147;24247;5;75
r;672566;6011;24247;5;77
r;573763;70283;24247;5;78
r;705471;76604;24247;5;78
r;565611;37765;24247;5;80
r;569704;115401;24247;5;80
r;642182;114700;24247;5;80
r;692724;49450;24247;5;81
r;699408;64226;24247;5;81
r;8204090;11439;24247;5;81
r;634529;16875;24247;5;82
r;732808;135388;24247;5;82
r;617941;83544;24247;5;83
r;12202885;90691;24247;5;83
r;683351;31138;24247;5;84
r;1726713;36327;24247;5;85