
e;15076;'servi';1;102
e;254878;'_POL-NEG_PC';36;50
e;254877;'_POL-NEUTRE_PC';36;50
e;317329;'_POLIT_7NOPOL';36;50
e;273221;'_INFO-WIKI-NO';36;50
e;438949;'_INFO-POLYMORPHIC';36;50
e;223172;'_POL-NEG';36;50
e;2585996;'_INFO-CNRTL-YES';36;50
e;241794;'_POL-NEUTRE';36;50
e;254876;'_POL-POS_PC';36;50
e;223173;'_POL-POS';36;50
r;26785622;15076;254878;36;9
r;9252419;15076;254877;36;12
r;12022285;15076;317329;36;16
r;86007145;15076;273221;36;28
r;31621181;15076;438949;36;41
r;26406228;15076;223172;36;49
r;86007117;15076;2585996;36;56
r;9203061;15076;241794;36;61
r;9146914;15076;254876;36;79
r;9123814;15076;223173;36;410