
e;25090;'seul';1;880
e;254876;'_POL-POS_PC';36;50
e;254877;'_POL-NEUTRE_PC';36;50
e;248197;'_SEX_YES';36;50
e;276096;'_INFO-WIKI-YES';36;50
e;217817;'_INFO-POLYSEMIC';36;50
e;323621;'_INFO-SEM-EMOTION-RELATED';36;50
e;438949;'_INFO-POLYMORPHIC';36;50
e;2585996;'_INFO-CNRTL-YES';36;50
e;223173;'_POL-POS';36;50
e;191741;'_INFO-VOC-COMMON';36;50
e;254878;'_POL-NEG_PC';36;50
e;241794;'_POL-NEUTRE';36;50
e;223172;'_POL-NEG';36;50
r;3220801;25090;254876;36;9
r;27420784;25090;254877;36;14
r;14000903;25090;248197;36;16
r;431815389;25090;276096;36;25
r;390471379;25090;217817;36;25
r;9267535;25090;323621;36;42
r;33138451;25090;438949;36;44
r;54765522;25090;2585996;36;55
r;3218261;25090;223173;36;65
r;741345;25090;191741;36;75
r;2332960;25090;254878;36;77
r;25723026;25090;241794;36;97
r;1995663;25090;223172;36;540