
e;15219;'si';1;282
e;146898;'Int:';4;50
e;146885;'Nom:Mas+SG';4;50
e;146887;'Nom:Mas+PL';4;50
e;2586627;'Gender:Mas';4;0
e;2586637;'Number:Inv';4;0
e;2586630;'Number:Plur';4;0
e;2586629;'Number:Sing';4;0
e;146886;'Nom:Mas+InvPL';4;50
e;171870;'Nom:';4;50
e;146896;'Con:';4;50
e;146889;'Adv:';4;50
e;2339739;'Conj:Sub';4;0
e;150504;'Conj:';4;50
r;418327446;15219;146898;4;25
r;15821058;15219;146885;4;30
r;15819328;15219;146887;4;35
r;54085126;15219;2586627;4;45
r;54086987;15219;2586637;4;45
r;54111510;15219;2586630;4;45
r;54194907;15219;2586629;4;45
r;53016;15219;146886;4;58
r;1422972;15219;171870;4;79
r;53015;15219;146896;4;80
r;53014;15219;146889;4;85
r;34310599;15219;2339739;4;88
r;1422971;15219;150504;4;265