
e;53269;'simple';1;396
e;146885;'Nom:Mas+SG';4;50
e;146894;'Adj:Fem+SG';4;50
e;146888;'Adj:Mas+SG';4;50
e;2586634;'Gender:Inv';4;0
e;2586627;'Gender:Mas';4;0
e;2586628;'Gender:Fem';4;0
e;2586629;'Number:Sing';4;0
e;146883;'Adj:InvGen+SG';4;50
e;171870;'Nom:';4;50
e;171869;'Adj:';4;50
r;93313773;53269;146885;4;27
r;16086486;53269;146894;4;29
r;16091909;53269;146888;4;37
r;53941070;53269;2586634;4;45
r;53975616;53269;2586627;4;45
r;53928804;53269;2586628;4;46
r;53946510;53269;2586629;4;46
r;52919;53269;146883;4;53
r;1423116;53269;171870;4;53
r;1423115;53269;171869;4;97