
e;53269;'simple';1;396
e;254878;'_POL-NEG_PC';36;50
e;317329;'_POLIT_7NOPOL';36;50
e;248197;'_SEX_YES';36;50
e;248198;'_SEX_NO';36;50
e;276096;'_INFO-WIKI-YES';36;50
e;15991431;'_ANIME-YES';36;50
e;162761;'_INFO-SEM-PERS';36;732
e;191669;'_INFO-SEM-LIVING-BEING';36;160
e;438949;'_INFO-POLYMORPHIC';36;50
e;254877;'_POL-NEUTRE_PC';36;50
e;191741;'_INFO-VOC-COMMON';36;50
e;254876;'_POL-POS_PC';36;50
e;2585996;'_INFO-CNRTL-YES';36;50
e;217817;'_INFO-POLYSEMIC';36;50
e;223172;'_POL-NEG';36;50
e;241794;'_POL-NEUTRE';36;50
e;223173;'_POL-POS';36;50
r;2332174;53269;254878;36;7
r;8925421;53269;317329;36;16
r;9070654;53269;248197;36;16
r;2189271;53269;248198;36;17
r;434220905;53269;276096;36;25
r;417381157;53269;15991431;36;25
r;56396234;53269;162761;36;40
r;56469284;53269;191669;36;40
r;18704797;53269;438949;36;44
r;2332173;53269;254877;36;46
r;741371;53269;191741;36;47
r;2332172;53269;254876;36;47
r;54644928;53269;2585996;36;52
r;9152255;53269;217817;36;60
r;2007330;53269;223172;36;252
r;2007283;53269;241794;36;327
r;1995427;53269;223173;36;340