
e;77705;'situé';1;72
e;254878;'_POL-NEG_PC';36;50
e;254877;'_POL-NEUTRE_PC';36;50
e;251716;'_INFO-MONOSEMIC';36;50
e;223172;'_POL-NEG';36;50
e;438949;'_INFO-POLYMORPHIC';36;50
e;273221;'_INFO-WIKI-NO';36;50
e;2585996;'_INFO-CNRTL-YES';36;50
e;254876;'_POL-POS_PC';36;50
e;241794;'_POL-NEUTRE';36;50
e;223173;'_POL-POS';36;50
r;26952429;77705;254878;36;8
r;9254956;77705;254877;36;21
r;96052701;77705;251716;36;27
r;26456537;77705;223172;36;39
r;88782082;77705;438949;36;39
r;7198322;77705;273221;36;44
r;88782076;77705;2585996;36;53
r;9254955;77705;254876;36;71
r;9210266;77705;241794;36;108
r;9198158;77705;223173;36;363