
e;154764;'soignée';1;110
e;254878;'_POL-NEG_PC';36;50
e;254877;'_POL-NEUTRE_PC';36;50
e;223172;'_POL-NEG';36;50
e;273221;'_INFO-WIKI-NO';36;50
e;438949;'_INFO-POLYMORPHIC';36;50
e;2585997;'_INFO-CNRTL-NO';36;50
e;241794;'_POL-NEUTRE';36;50
e;254876;'_POL-POS_PC';36;50
e;223173;'_POL-POS';36;50
r;26718001;154764;254878;36;9
r;9269947;154764;254877;36;15
r;26563332;154764;223172;36;35
r;7596484;154764;273221;36;41
r;34117177;154764;438949;36;41
r;54994129;154764;2585997;36;52
r;9219508;154764;241794;36;59
r;9269946;154764;254876;36;76
r;9180821;154764;223173;36;303