
e;122704;'sombre';1;837
e;146889;'Adv:';4;50
e;14270798;'VerbalMode:Impératif';4;0
e;14270847;'Ver:ImPre+SG+P2';4;0
e;14270944;'VerbalPers:P3';4;0
e;14270943;'VerbalPers:P2';4;0
e;14270942;'VerbalPers:P1';4;0
e;14270945;'VerbalNumber:SG';4;0
e;150120;'Ver:SPre+SG+P3';4;50
e;150119;'Ver:SPre+SG+P1';4;50
e;150118;'Ver:IPre+SG+P3';4;50
e;150117;'Ver:IPre+SG+P1';4;50
e;146885;'Nom:Mas+SG';4;50
e;2586634;'Gender:Inv';4;0
e;2586627;'Gender:Mas';4;0
e;2935005;'VerbalTime:Present';4;0
e;2946892;'Ver:Conjug';4;0
e;3093591;'VerbalMode:Subjonctif';4;0
e;2586628;'Gender:Fem';4;0
e;146894;'Adj:Fem+SG';4;50
e;2586629;'Number:Sing';4;0
e;3093590;'VerbalMode:Indicatif';4;0
e;146888;'Adj:Mas+SG';4;50
e;161698;'Ver:IPre+SG+P1:IPre+SG+P3:SPre+SG+P1:SPre+SG+P3:ImPre+SG+P2';4;50
e;171870;'Nom:';4;50
e;212235;'Ver:';4;50
e;146883;'Adj:InvGen+SG';4;50
e;171869;'Adj:';4;50
r;405999746;122704;146889;4;-25
r;361881577;122704;14270798;4;25
r;363204136;122704;14270847;4;25
r;363025198;122704;14270944;4;25
r;363016186;122704;14270943;4;25
r;363007255;122704;14270942;4;25
r;362998391;122704;14270945;4;25
r;362989404;122704;150120;4;25
r;362980288;122704;150119;4;25
r;362971288;122704;150118;4;25
r;362962382;122704;150117;4;25
r;427746481;122704;146885;4;25
r;53941116;122704;2586634;4;45
r;53975662;122704;2586627;4;45
r;72093434;122704;2935005;4;45
r;72422693;122704;2946892;4;45
r;75546773;122704;3093591;4;45
r;53928850;122704;2586628;4;46
r;16086532;122704;146894;4;47
r;53946556;122704;2586629;4;47
r;75546772;122704;3093590;4;50
r;16091955;122704;146888;4;52
r;354515;122704;161698;4;54
r;1423351;122704;171870;4;59
r;12109952;122704;212235;4;60
r;53324;122704;146883;4;61
r;1423350;122704;171869;4;73