
e;421197;'sommes';1;50
e;14270942;'VerbalPers:P1';4;0
e;14270946;'VerbalNumber:PL';4;0
e;14270943;'VerbalPers:P2';4;0
e;14270945;'VerbalNumber:SG';4;0
e;161718;'Ver:SPre+SG+P2';4;50
e;161717;'Ver:IPre+SG+P2';4;50
e;2935005;'VerbalTime:Present';4;0
e;2946892;'Ver:Conjug';4;0
e;161710;'Ver:IPre+SG+P2:SPre+SG+P2';4;50
e;3093590;'VerbalMode:Indicatif';4;0
e;3093591;'VerbalMode:Subjonctif';4;0
e;161766;'Ver:IPre+PL+P1';4;50
e;212235;'Ver:';4;50
e;171870;'Nom:';4;50
r;363110893;421197;14270942;4;25
r;363110882;421197;14270946;4;25
r;362952057;421197;14270943;4;25
r;362943661;421197;14270945;4;25
r;362935171;421197;161718;4;25
r;362926702;421197;161717;4;25
r;72094408;421197;2935005;4;45
r;72423854;421197;2946892;4;45
r;75901527;421197;161710;4;45
r;75901528;421197;3093590;4;45
r;75901529;421197;3093591;4;45
r;14352647;421197;161766;4;53
r;14352648;421197;212235;4;57
r;32638239;421197;171870;4;68