
e;55731;'sonore';1;242
e;254878;'_POL-NEG_PC';36;50
e;254876;'_POL-POS_PC';36;50
e;217817;'_INFO-POLYSEMIC';36;50
e;15991432;'_ANIME-NO';36;50
e;276096;'_INFO-WIKI-YES';36;50
e;438949;'_INFO-POLYMORPHIC';36;50
e;191741;'_INFO-VOC-COMMON';36;50
e;2585996;'_INFO-CNRTL-YES';36;50
e;254877;'_POL-NEUTRE_PC';36;50
e;223173;'_POL-POS';36;50
e;223172;'_POL-NEG';36;50
e;241794;'_POL-NEUTRE';36;50
r;9250350;55731;254878;36;22
r;2340810;55731;254876;36;23
r;390478334;55731;217817;36;25
r;418331957;55731;15991432;36;25
r;367136527;55731;276096;36;34
r;16020263;55731;438949;36;42
r;741423;55731;191741;36;47
r;54802452;55731;2585996;36;56
r;2340811;55731;254877;36;58
r;2031215;55731;223173;36;114
r;9178791;55731;223172;36;127
r;2009809;55731;241794;36;334