
e;55731;'sonore';1;242
e;146885;'Nom:Mas+SG';4;50
e;146894;'Adj:Fem+SG';4;50
e;146888;'Adj:Mas+SG';4;50
e;2586634;'Gender:Inv';4;0
e;2586627;'Gender:Mas';4;0
e;2586628;'Gender:Fem';4;0
e;2586629;'Number:Sing';4;0
e;146883;'Adj:InvGen+SG';4;50
e;146881;'Nom:Fem+SG';4;50
e;171869;'Adj:';4;50
e;171870;'Nom:';4;50
r;427749400;55731;146885;4;25
r;16086541;55731;146894;4;30
r;16091964;55731;146888;4;35
r;53941125;55731;2586634;4;45
r;53975671;55731;2586627;4;45
r;53928859;55731;2586628;4;46
r;53946565;55731;2586629;4;47
r;53389;55731;146883;4;54
r;53390;55731;146881;4;56
r;523575;55731;171869;4;57
r;1950477;55731;171870;4;65