
e;403297;'sont';1;50
e;14270944;'VerbalPers:P3';4;0
e;14270946;'VerbalNumber:PL';4;0
e;3093590;'VerbalMode:Indicatif';4;0
e;171870;'Nom:';4;50
e;2935005;'VerbalTime:Present';4;0
e;212235;'Ver:';4;50
e;161706;'Ver:IPre+PL+P3';4;50
e;2946892;'Ver:Conjug';4;0
r;363062438;403297;14270944;4;25
r;363062417;403297;14270946;4;25
r;363062258;403297;3093590;4;25
r;425028073;403297;171870;4;25
r;72094409;403297;2935005;4;45
r;14352651;403297;212235;4;53
r;14352650;403297;161706;4;59
r;72423855;403297;2946892;4;115