
e;75989;'spécialement';1;90
e;317329;'_POLIT_7NOPOL';36;50
e;254877;'_POL-NEUTRE_PC';36;50
e;438949;'_INFO-POLYMORPHIC';36;50
e;276096;'_INFO-WIKI-YES';36;50
e;162762;'_INFO-SEM-ORGA';36;122
e;251716;'_INFO-MONOSEMIC';36;50
e;191741;'_INFO-VOC-COMMON';36;50
e;2585996;'_INFO-CNRTL-YES';36;50
e;254876;'_POL-POS_PC';36;50
e;241794;'_POL-NEUTRE';36;50
e;223173;'_POL-POS';36;50
r;10959056;75989;317329;36;17
r;2345977;75989;254877;36;26
r;285102842;75989;438949;36;26
r;122062327;75989;276096;36;30
r;115067947;75989;162762;36;31
r;96001841;75989;251716;36;32
r;741475;75989;191741;36;46
r;54852974;75989;2585996;36;51
r;2345976;75989;254876;36;74
r;2031213;75989;241794;36;155
r;2028550;75989;223173;36;442