
e;52265;'superbe';1;198
e;251716;'_INFO-MONOSEMIC';36;50
e;254878;'_POL-NEG_PC';36;50
e;248198;'_SEX_NO';36;50
e;15991432;'_ANIME-NO';36;50
e;254877;'_POL-NEUTRE_PC';36;50
e;276096;'_INFO-WIKI-YES';36;50
e;217817;'_INFO-POLYSEMIC';36;50
e;438949;'_INFO-POLYMORPHIC';36;50
e;191741;'_INFO-VOC-COMMON';36;50
e;254876;'_POL-POS_PC';36;50
e;2585996;'_INFO-CNRTL-YES';36;50
e;223172;'_POL-NEG';36;50
e;241794;'_POL-NEUTRE';36;50
e;223173;'_POL-POS';36;50
r;310767492;52265;251716;36;-15
r;26623279;52265;254878;36;7
r;2194248;52265;248198;36;16
r;418341890;52265;15991432;36;25
r;2339316;52265;254877;36;36
r;72089038;52265;276096;36;40
r;23229337;52265;217817;36;40
r;16000444;52265;438949;36;44
r;741512;52265;191741;36;47
r;2339315;52265;254876;36;57
r;54604406;52265;2585996;36;57
r;26256173;52265;223172;36;65
r;1993232;52265;241794;36;350
r;1667118;52265;223173;36;557