
e;83853;'super';1;326
e;251716;'_INFO-MONOSEMIC';36;50
e;254878;'_POL-NEG_PC';36;50
e;317329;'_POLIT_7NOPOL';36;50
e;276096;'_INFO-WIKI-YES';36;50
e;15991432;'_ANIME-NO';36;50
e;254877;'_POL-NEUTRE_PC';36;50
e;191741;'_INFO-VOC-COMMON';36;50
e;1912917;'_INFO-COUNTABLE-YES';36;0
e;223172;'_POL-NEG';36;50
e;217817;'_INFO-POLYSEMIC';36;50
e;2585996;'_INFO-CNRTL-YES';36;50
e;438949;'_INFO-POLYMORPHIC';36;50
e;254876;'_POL-POS_PC';36;50
e;241794;'_POL-NEUTRE';36;50
e;223173;'_POL-POS';36;50
r;310679047;83853;251716;36;-24
r;2350923;83853;254878;36;7
r;21208407;83853;317329;36;16
r;426071634;83853;276096;36;25
r;418341846;83853;15991432;36;25
r;2350922;83853;254877;36;29
r;295773718;83853;191741;36;30
r;30791831;83853;1912917;36;41
r;1996637;83853;223172;36;42
r;1640380;83853;217817;36;47
r;54868900;83853;2585996;36;52
r;18732819;83853;438949;36;54
r;2350921;83853;254876;36;64
r;2022118;83853;241794;36;175
r;1996125;83853;223173;36;383