
e;83853;'super';1;326
e;146887;'Nom:Mas+PL';4;50
e;146885;'Nom:Mas+SG';4;50
e;146889;'Adv:';4;50
e;2586627;'Gender:Mas';4;0
e;2586637;'Number:Inv';4;0
e;2586630;'Number:Plur';4;0
e;2586629;'Number:Sing';4;0
e;212235;'Ver:';4;50
e;146891;'Adj:InvGen+SG:InvGen+PL';4;50
e;146886;'Nom:Mas+InvPL';4;50
e;171869;'Adj:';4;50
e;146882;'Ver:Inf';4;50
e;171870;'Nom:';4;50
r;15819384;83853;146887;4;26
r;15821112;83853;146885;4;26
r;483628;83853;146889;4;35
r;54085182;83853;2586627;4;45
r;54087042;83853;2586637;4;45
r;54111566;83853;2586630;4;45
r;54194963;83853;2586629;4;45
r;12110607;83853;212235;4;51
r;54967;83853;146891;4;52
r;54968;83853;146886;4;54
r;1424254;83853;171869;4;55
r;54969;83853;146882;4;60
r;1424255;83853;171870;4;62