
e;52265;'superbe';1;198
e;146885;'Nom:Mas+SG';4;50
e;146888;'Adj:Mas+SG';4;50
e;146894;'Adj:Fem+SG';4;50
e;2586634;'Gender:Inv';4;0
e;2586627;'Gender:Mas';4;0
e;2586628;'Gender:Fem';4;0
e;2586629;'Number:Sing';4;0
e;146883;'Adj:InvGen+SG';4;50
e;146881;'Nom:Fem+SG';4;50
e;171869;'Adj:';4;50
e;171870;'Nom:';4;50
r;427746491;52265;146885;4;25
r;16092114;52265;146888;4;26
r;16086691;52265;146894;4;28
r;53941275;52265;2586634;4;45
r;53975821;52265;2586627;4;45
r;53929009;52265;2586628;4;46
r;53946715;52265;2586629;4;47
r;54906;52265;146883;4;51
r;54907;52265;146881;4;55
r;520489;52265;171869;4;56
r;520488;52265;171870;4;81