
e;2109639;'superbes';2;0
e;2586634;'Gender:Inv';4;0
e;2586628;'Gender:Fem';4;0
e;2586627;'Gender:Mas';4;0
e;147151;'Adj:Mas+PL';4;50
e;2586630;'Number:Plur';4;0
e;149404;'Adj:Fem+PL';4;50
e;146893;'Nom:Fem+PL';4;50
e;146909;'Adj:InvGen+PL';4;50
e;171870;'Nom:';4;50
e;171869;'Adj:';4;50
r;53936011;2109639;2586634;4;45
r;53908909;2109639;2586628;4;46
r;53956143;2109639;2586627;4;46
r;32934634;2109639;147151;4;47
r;53919428;2109639;2586630;4;47
r;32932988;2109639;149404;4;49
r;32182411;2109639;146893;4;52
r;32480971;2109639;146909;4;59
r;32182413;2109639;171870;4;72
r;32480972;2109639;171869;4;83