
e;45989;'surface';1;276
e;14270847;'Ver:ImPre+SG+P2';4;0
e;14270943;'VerbalPers:P2';4;0
e;14270942;'VerbalPers:P1';4;0
e;14270944;'VerbalPers:P3';4;0
e;14270945;'VerbalNumber:SG';4;0
e;171869;'Adj:';4;50
e;161698;'Ver:IPre+SG+P1:IPre+SG+P3:SPre+SG+P1:SPre+SG+P3:ImPre+SG+P2';4;50
e;3093591;'VerbalMode:Subjonctif';4;0
e;3093590;'VerbalMode:Indicatif';4;0
e;14270798;'VerbalMode:Impératif';4;0
e;2586628;'Gender:Fem';4;0
e;2586629;'Number:Sing';4;0
e;2935005;'VerbalTime:Present';4;0
e;2946892;'Ver:Conjug';4;0
e;212235;'Ver:';4;50
e;150116;'Ver:Imp+SG+P2';4;50
e;150120;'Ver:SPre+SG+P3';4;50
e;146881;'Nom:Fem+SG';4;50
e;150117;'Ver:IPre+SG+P1';4;50
e;150119;'Ver:SPre+SG+P1';4;50
e;150118;'Ver:IPre+SG+P3';4;50
e;171870;'Nom:';4;50
r;363198143;45989;14270847;4;25
r;362917519;45989;14270943;4;25
r;362816555;45989;14270942;4;25
r;362808581;45989;14270944;4;25
r;362807779;45989;14270945;4;25
r;390488161;45989;171869;4;25
r;76253058;45989;161698;4;26
r;76253060;45989;3093591;4;30
r;76253059;45989;3093590;4;32
r;361876329;45989;14270798;4;32
r;54031104;45989;2586628;4;45
r;54061796;45989;2586629;4;45
r;72093497;45989;2935005;4;45
r;72422755;45989;2946892;4;45
r;12110699;45989;212235;4;52
r;354880;45989;150116;4;53
r;354884;45989;150120;4;53
r;55127;45989;146881;4;54
r;354881;45989;150117;4;54
r;354883;45989;150119;4;54
r;354882;45989;150118;4;55
r;1424420;45989;171870;4;73