
e;91691;'surprise';1;1186
e;161702;'Ver:PPas';4;50
e;171869;'Adj:';4;50
e;2586628;'Gender:Fem';4;0
e;2586629;'Number:Sing';4;0
e;161700;'Ver:PPas+Fem+SG';4;50
e;212235;'Ver:';4;50
e;146881;'Nom:Fem+SG';4;50
e;146891;'Adj:InvGen+SG:InvGen+PL';4;50
e;146894;'Adj:Fem+SG';4;50
e;171870;'Nom:';4;50
r;2247240;91691;161702;4;32
r;1952839;91691;171869;4;36
r;53921709;91691;2586628;4;46
r;54061818;91691;2586629;4;46
r;354914;91691;161700;4;52
r;12110773;91691;212235;4;54
r;55241;91691;146881;4;55
r;55240;91691;146891;4;60
r;354915;91691;146894;4;61
r;1424458;91691;171870;4;81