
e;45854;'surpris';1;154
e;251716;'_INFO-MONOSEMIC';36;50
e;248198;'_SEX_NO';36;50
e;254876;'_POL-POS_PC';36;50
e;254877;'_POL-NEUTRE_PC';36;50
e;248197;'_SEX_YES';36;50
e;438949;'_INFO-POLYMORPHIC';36;50
e;223173;'_POL-POS';36;50
e;273221;'_INFO-WIKI-NO';36;50
e;323621;'_INFO-SEM-EMOTION-RELATED';36;50
e;191741;'_INFO-VOC-COMMON';36;50
e;217817;'_INFO-POLYSEMIC';36;50
e;2585996;'_INFO-CNRTL-YES';36;50
e;254878;'_POL-NEG_PC';36;50
e;241794;'_POL-NEUTRE';36;50
e;223172;'_POL-NEG';36;50
r;96177379;45854;251716;36;-35
r;315474402;45854;248198;36;1
r;2354721;45854;254876;36;6
r;2354722;45854;254877;36;15
r;28445160;45854;248197;36;16
r;85938587;45854;438949;36;29
r;2006542;45854;223173;36;35
r;85938595;45854;273221;36;36
r;9267017;45854;323621;36;42
r;741528;45854;191741;36;44
r;29105539;45854;217817;36;45
r;55204198;45854;2585996;36;53
r;9275003;45854;254878;36;79
r;2031240;45854;241794;36;82
r;9142010;45854;223172;36;429