
e;45854;'surpris';1;154
e;14270943;'VerbalPers:P2';4;0
e;14270942;'VerbalPers:P1';4;0
e;14270945;'VerbalNumber:SG';4;0
e;161738;'Ver:IPSim+SG+P1';4;50
e;161736;'Ver:IPSim+SG+P2';4;50
e;3093590;'VerbalMode:Indicatif';4;0
e;14271095;'VerbalTime:PasséSimple';4;0
e;2946892;'Ver:Conjug';4;0
e;161702;'Ver:PPas';4;50
e;2586629;'Number:Sing';4;0
e;2586630;'Number:Plur';4;0
e;161699;'Ver:PPas+Mas+SG';4;50
e;2586627;'Gender:Mas';4;0
e;146888;'Adj:Mas+SG';4;50
e;2935006;'VerbalTime:Past';4;0
e;171869;'Adj:';4;50
e;212235;'Ver:';4;50
e;146892;'Adj:Mas+InvPL';4;50
e;161712;'Ver:PPas+Mas+SG:PPas+Mas+PL:IPSim+SG+P1:IPSim+SG+P2';4;50
r;362914985;45854;14270943;4;25
r;362914959;45854;14270942;4;25
r;362914933;45854;14270945;4;25
r;363810069;45854;161738;4;25
r;363810095;45854;161736;4;25
r;363811477;45854;3093590;4;25
r;363811528;45854;14271095;4;25
r;363811903;45854;2946892;4;25
r;77359309;45854;161702;4;27
r;105149328;45854;2586629;4;27
r;105149865;45854;2586630;4;27
r;97423672;45854;161699;4;28
r;105148559;45854;2586627;4;28
r;105147733;45854;146888;4;32
r;72154850;45854;2935006;4;45
r;548331;45854;171869;4;56
r;12110774;45854;212235;4;57
r;55243;45854;146892;4;58
r;354916;45854;161712;4;58