
e;20938;'surtout';1;72
e;2355199;'_OCC-IGNORE';36;0
e;251716;'_INFO-MONOSEMIC';36;50
e;254878;'_POL-NEG_PC';36;50
e;223172;'_POL-NEG';36;50
e;15991432;'_ANIME-NO';36;50
e;276096;'_INFO-WIKI-YES';36;50
e;254876;'_POL-POS_PC';36;50
e;438949;'_INFO-POLYMORPHIC';36;50
e;191741;'_INFO-VOC-COMMON';36;50
e;2585996;'_INFO-CNRTL-YES';36;50
e;254877;'_POL-NEUTRE_PC';36;50
e;217817;'_INFO-POLYSEMIC';36;50
e;223173;'_POL-POS';36;50
e;241794;'_POL-NEUTRE';36;50
r;46458761;20938;2355199;36;-48
r;310671045;20938;251716;36;-20
r;2407150;20938;254878;36;3
r;2007361;20938;223172;36;24
r;418344323;20938;15991432;36;25
r;105862602;20938;276096;36;34
r;2407148;20938;254876;36;38
r;18702705;20938;438949;36;46
r;741532;20938;191741;36;47
r;54784186;20938;2585996;36;53
r;2407149;20938;254877;36;59
r;3207553;20938;217817;36;70
r;1994248;20938;223173;36;349
r;1995014;20938;241794;36;546