
e;68447;'sympathique';1;258
e;251716;'_INFO-MONOSEMIC';36;50
e;254878;'_POL-NEG_PC';36;50
e;248198;'_SEX_NO';36;50
e;15991432;'_ANIME-NO';36;50
e;223172;'_POL-NEG';36;50
e;254877;'_POL-NEUTRE_PC';36;50
e;276096;'_INFO-WIKI-YES';36;50
e;438949;'_INFO-POLYMORPHIC';36;50
e;217817;'_INFO-POLYSEMIC';36;50
e;2585996;'_INFO-CNRTL-YES';36;50
e;254876;'_POL-POS_PC';36;50
e;241794;'_POL-NEUTRE';36;50
e;223173;'_POL-POS';36;50
r;310763123;68447;251716;36;-15
r;27156755;68447;254878;36;3
r;2194195;68447;248198;36;16
r;417906670;68447;15991432;36;25
r;26651803;68447;223172;36;31
r;9229343;68447;254877;36;33
r;30684485;68447;276096;36;40
r;18714507;68447;438949;36;49
r;1855887;68447;217817;36;53
r;54850265;68447;2585996;36;58
r;2345876;68447;254876;36;64
r;9209178;68447;241794;36;389
r;1993345;68447;223173;36;760