
e;68447;'sympathique';1;258
e;146885;'Nom:Mas+SG';4;50
e;171870;'Nom:';4;50
e;146894;'Adj:Fem+SG';4;50
e;2586634;'Gender:Inv';4;0
e;146888;'Adj:Mas+SG';4;50
e;2586627;'Gender:Mas';4;0
e;2586628;'Gender:Fem';4;0
e;2586629;'Number:Sing';4;0
e;146883;'Adj:InvGen+SG';4;50
e;171869;'Adj:';4;50
r;97327787;68447;146885;4;15
r;2370382;68447;171870;4;27
r;16086728;68447;146894;4;38
r;53941312;68447;2586634;4;45
r;16092151;68447;146888;4;47
r;53975858;68447;2586627;4;48
r;53929046;68447;2586628;4;49
r;53946752;68447;2586629;4;49
r;55415;68447;146883;4;53
r;1424535;68447;171869;4;70