
e;3247;'sympa';1;246
e;317329;'_POLIT_7NOPOL';36;50
e;248198;'_SEX_NO';36;50
e;254877;'_POL-NEUTRE_PC';36;50
e;317324;'_POLIT_3PS';36;50
e;217817;'_INFO-POLYSEMIC';36;50
e;276096;'_INFO-WIKI-YES';36;50
e;2585996;'_INFO-CNRTL-YES';36;50
e;241794;'_POL-NEUTRE';36;50
e;254876;'_POL-POS_PC';36;50
e;223173;'_POL-POS';36;50
r;9007561;3247;317329;36;-1
r;356657295;3247;248198;36;1
r;9281940;3247;254877;36;15
r;9007560;3247;317324;36;16
r;390491301;3247;217817;36;25
r;105141658;3247;276096;36;31
r;54724451;3247;2585996;36;60
r;9201622;3247;241794;36;75
r;2359877;3247;254876;36;85
r;1994062;3247;223173;36;432