
e;150446;'sécurisé';1;86
e;248198;'_SEX_NO';36;50
e;254878;'_POL-NEG_PC';36;50
e;254877;'_POL-NEUTRE_PC';36;50
e;251716;'_INFO-MONOSEMIC';36;50
e;438949;'_INFO-POLYMORPHIC';36;50
e;323621;'_INFO-SEM-EMOTION-RELATED';36;50
e;223172;'_POL-NEG';36;50
e;273221;'_INFO-WIKI-NO';36;50
e;241794;'_POL-NEUTRE';36;50
e;254876;'_POL-POS_PC';36;50
e;2585997;'_INFO-CNRTL-NO';36;50
e;223173;'_POL-POS';36;50
r;218233614;150446;248198;36;1
r;27318433;150446;254878;36;9
r;9280147;150446;254877;36;15
r;95993413;150446;251716;36;34
r;32084743;150446;438949;36;41
r;9266928;150446;323621;36;42
r;26506785;150446;223172;36;42
r;7840392;150446;273221;36;44
r;9218518;150446;241794;36;71
r;9280146;150446;254876;36;76
r;54914410;150446;2585997;36;106
r;9198670;150446;223173;36;353