
e;63129;'séparer';1;324
e;254877;'_POL-NEUTRE_PC';36;50
e;254876;'_POL-POS_PC';36;50
e;276096;'_INFO-WIKI-YES';36;50
e;217817;'_INFO-POLYSEMIC';36;50
e;191741;'_INFO-VOC-COMMON';36;50
e;2585996;'_INFO-CNRTL-YES';36;50
e;241794;'_POL-NEUTRE';36;50
e;254878;'_POL-NEG_PC';36;50
e;223173;'_POL-POS';36;50
e;223172;'_POL-NEG';36;50
r;26773183;63129;254877;36;12
r;9089520;63129;254876;36;30
r;117038142;63129;276096;36;34
r;10571619;63129;217817;36;40
r;741323;63129;191741;36;51
r;54606595;63129;2585996;36;56
r;26419928;63129;241794;36;57
r;2325983;63129;254878;36;58
r;9090255;63129;223173;36;142
r;2236628;63129;223172;36;276