
e;2091125;'sépare';2;0
e;14270798;'VerbalMode:Impératif';4;0
e;14270847;'Ver:ImPre+SG+P2';4;0
e;14270944;'VerbalPers:P3';4;0
e;14270943;'VerbalPers:P2';4;0
e;14270942;'VerbalPers:P1';4;0
e;14270945;'VerbalNumber:SG';4;0
e;150120;'Ver:SPre+SG+P3';4;50
e;150119;'Ver:SPre+SG+P1';4;50
e;150118;'Ver:IPre+SG+P3';4;50
e;150117;'Ver:IPre+SG+P1';4;50
e;2935005;'VerbalTime:Present';4;0
e;2946892;'Ver:Conjug';4;0
e;3093591;'VerbalMode:Subjonctif';4;0
e;3093590;'VerbalMode:Indicatif';4;0
e;212235;'Ver:';4;50
e;161698;'Ver:IPre+SG+P1:IPre+SG+P3:SPre+SG+P1:SPre+SG+P3:ImPre+SG+P2';4;50
r;361878423;2091125;14270798;4;25
r;363207335;2091125;14270847;4;25
r;363028366;2091125;14270944;4;25
r;363019375;2091125;14270943;4;25
r;363010411;2091125;14270942;4;25
r;363001534;2091125;14270945;4;25
r;362992634;2091125;150120;4;25
r;362983465;2091125;150119;4;25
r;362974471;2091125;150118;4;25
r;362965542;2091125;150117;4;25
r;72108301;2091125;2935005;4;45
r;72482156;2091125;2946892;4;45
r;75813360;2091125;3093591;4;45
r;75813359;2091125;3093590;4;47
r;32416807;2091125;212235;4;61
r;32416805;2091125;161698;4;63