
e;145752;'sûr';1;232
e;254878;'_POL-NEG_PC';36;50
e;254877;'_POL-NEUTRE_PC';36;50
e;217817;'_INFO-POLYSEMIC';36;50
e;223172;'_POL-NEG';36;50
e;276096;'_INFO-WIKI-YES';36;50
e;214534;'_INFO-MEANING-FIGURED';36;50
e;191741;'_INFO-VOC-COMMON';36;50
e;438949;'_INFO-POLYMORPHIC';36;50
e;2585996;'_INFO-CNRTL-YES';36;50
e;254876;'_POL-POS_PC';36;50
e;241794;'_POL-NEUTRE';36;50
e;223173;'_POL-POS';36;50
r;26782619;145752;254878;36;5
r;2331125;145752;254877;36;19
r;390489835;145752;217817;36;25
r;26508383;145752;223172;36;35
r;8265757;145752;276096;36;40
r;52637717;145752;214534;36;40
r;741521;145752;191741;36;48
r;18753298;145752;438949;36;50
r;54733739;145752;2585996;36;53
r;2331124;145752;254876;36;76
r;2007192;145752;241794;36;136
r;2033929;145752;223173;36;556