
e;89591;'table';1;3620
e;14270798;'VerbalMode:Impératif';4;0
e;14270847;'Ver:ImPre+SG+P2';4;0
e;14270944;'VerbalPers:P3';4;0
e;14270943;'VerbalPers:P2';4;0
e;14270942;'VerbalPers:P1';4;0
e;14270945;'VerbalNumber:SG';4;0
e;150120;'Ver:SPre+SG+P3';4;50
e;150119;'Ver:SPre+SG+P1';4;50
e;150118;'Ver:IPre+SG+P3';4;50
e;150117;'Ver:IPre+SG+P1';4;50
e;171869;'Adj:';4;50
e;2586628;'Gender:Fem';4;0
e;2586629;'Number:Sing';4;0
e;2935005;'VerbalTime:Present';4;0
e;2946892;'Ver:Conjug';4;0
e;3093591;'VerbalMode:Subjonctif';4;0
e;3093590;'VerbalMode:Indicatif';4;0
e;161698;'Ver:IPre+SG+P1:IPre+SG+P3:SPre+SG+P1:SPre+SG+P3:ImPre+SG+P2';4;50
e;146881;'Nom:Fem+SG';4;50
e;212235;'Ver:';4;50
e;171870;'Nom:';4;50
r;361882777;89591;14270798;4;25
r;363202936;89591;14270847;4;25
r;363023998;89591;14270944;4;25
r;363014967;89591;14270943;4;25
r;363006059;89591;14270942;4;25
r;362997194;89591;14270945;4;25
r;362988191;89591;150120;4;25
r;362979080;89591;150119;4;25
r;362970088;89591;150118;4;25
r;362961178;89591;150117;4;25
r;394071238;89591;171869;4;25
r;54031213;89591;2586628;4;45
r;54061907;89591;2586629;4;45
r;72093510;89591;2935005;4;45
r;72422769;89591;2946892;4;45
r;75621535;89591;3093591;4;45
r;75621534;89591;3093590;4;48
r;354964;89591;161698;4;51
r;55581;89591;146881;4;55
r;12110884;89591;212235;4;59
r;540564;89591;171870;4;85