
e;399073;'tablettes';1;54
e;14270943;'VerbalPers:P2';4;0
e;14270945;'VerbalNumber:SG';4;0
e;161718;'Ver:SPre+SG+P2';4;50
e;161717;'Ver:IPre+SG+P2';4;50
e;2935005;'VerbalTime:Present';4;0
e;2946892;'Ver:Conjug';4;0
e;3093591;'VerbalMode:Subjonctif';4;0
e;161710;'Ver:IPre+SG+P2:SPre+SG+P2';4;50
e;3093590;'VerbalMode:Indicatif';4;0
e;212235;'Ver:';4;50
e;2586628;'Gender:Fem';4;0
e;2586630;'Number:Plur';4;0
e;146893;'Nom:Fem+PL';4;50
e;171870;'Nom:';4;50
r;362949347;399073;14270943;4;25
r;362940909;399073;14270945;4;25
r;362932450;399073;161718;4;25
r;362923971;399073;161717;4;25
r;78337864;399073;2935005;4;26
r;78337865;399073;2946892;4;26
r;78337867;399073;3093591;4;26
r;78337862;399073;161710;4;30
r;78337866;399073;3093590;4;30
r;78337863;399073;212235;4;32
r;53989709;399073;2586628;4;45
r;54005799;399073;2586630;4;45
r;14363414;399073;146893;4;55
r;14363415;399073;171870;4;60