
e;121057;'taches';1;74
e;14270943;'VerbalPers:P2';4;0
e;14270945;'VerbalNumber:SG';4;0
e;161718;'Ver:SPre+SG+P2';4;50
e;161717;'Ver:IPre+SG+P2';4;50
e;2586628;'Gender:Fem';4;0
e;2586630;'Number:Plur';4;0
e;161710;'Ver:IPre+SG+P2:SPre+SG+P2';4;50
e;2935005;'VerbalTime:Present';4;0
e;2946892;'Ver:Conjug';4;0
e;3093590;'VerbalMode:Indicatif';4;0
e;3093591;'VerbalMode:Subjonctif';4;0
e;146893;'Nom:Fem+PL';4;50
e;212235;'Ver:';4;50
e;171870;'Nom:';4;50
r;362952130;121057;14270943;4;25
r;362943734;121057;14270945;4;25
r;362935245;121057;161718;4;25
r;362926776;121057;161717;4;25
r;53988351;121057;2586628;4;45
r;54004440;121057;2586630;4;45
r;75924403;121057;161710;4;45
r;75924404;121057;2935005;4;45
r;75924405;121057;2946892;4;45
r;75924406;121057;3093590;4;45
r;75924407;121057;3093591;4;45
r;354967;121057;146893;4;53
r;32641996;121057;212235;4;53
r;2272937;121057;171870;4;64