
e;142267;'taille';1;712
e;14270798;'VerbalMode:Impératif';4;0
e;14270847;'Ver:ImPre+SG+P2';4;0
e;14270944;'VerbalPers:P3';4;0
e;14270943;'VerbalPers:P2';4;0
e;14270942;'VerbalPers:P1';4;0
e;14270945;'VerbalNumber:SG';4;0
e;150120;'Ver:SPre+SG+P3';4;50
e;150119;'Ver:SPre+SG+P1';4;50
e;150118;'Ver:IPre+SG+P3';4;50
e;150117;'Ver:IPre+SG+P1';4;50
e;2935005;'VerbalTime:Present';4;0
e;2586630;'Number:Plur';4;0
e;161698;'Ver:IPre+SG+P1:IPre+SG+P3:SPre+SG+P1:SPre+SG+P3:ImPre+SG+P2';4;50
e;3093590;'VerbalMode:Indicatif';4;0
e;3093591;'VerbalMode:Subjonctif';4;0
e;2946892;'Ver:Conjug';4;0
e;2586628;'Gender:Fem';4;0
e;2586629;'Number:Sing';4;0
e;212235;'Ver:';4;50
e;146881;'Nom:Fem+SG';4;50
e;171870;'Nom:';4;50
r;361885989;142267;14270798;4;25
r;363199299;142267;14270847;4;25
r;363020703;142267;14270944;4;25
r;363011744;142267;14270943;4;25
r;363002849;142267;14270942;4;25
r;362993973;142267;14270945;4;25
r;362984789;142267;150120;4;25
r;362975802;142267;150119;4;25
r;362966872;142267;150118;4;25
r;362957931;142267;150117;4;25
r;76220468;142267;2935005;4;26
r;114415025;142267;2586630;4;27
r;76220467;142267;161698;4;30
r;76220470;142267;3093590;4;30
r;76220471;142267;3093591;4;30
r;76220469;142267;2946892;4;32
r;54031235;142267;2586628;4;45
r;54061929;142267;2586629;4;45
r;32642056;142267;212235;4;52
r;55677;142267;146881;4;58
r;1424748;142267;171870;4;100