
e;400498;'tailles';1;50
e;14270943;'VerbalPers:P2';4;0
e;14270945;'VerbalNumber:SG';4;0
e;161718;'Ver:SPre+SG+P2';4;50
e;161717;'Ver:IPre+SG+P2';4;50
e;2935005;'VerbalTime:Present';4;0
e;2946892;'Ver:Conjug';4;0
e;161710;'Ver:IPre+SG+P2:SPre+SG+P2';4;50
e;3093591;'VerbalMode:Subjonctif';4;0
e;3093590;'VerbalMode:Indicatif';4;0
e;2586628;'Gender:Fem';4;0
e;2586630;'Number:Plur';4;0
e;146893;'Nom:Fem+PL';4;50
e;212235;'Ver:';4;50
e;171870;'Nom:';4;50
r;362949671;400498;14270943;4;25
r;362941231;400498;14270945;4;25
r;362932776;400498;161718;4;25
r;362924298;400498;161717;4;25
r;76220473;400498;2935005;4;26
r;76220474;400498;2946892;4;27
r;76220472;400498;161710;4;32
r;76220476;400498;3093591;4;34
r;76220475;400498;3093590;4;35
r;53989711;400498;2586628;4;45
r;54005801;400498;2586630;4;45
r;14363440;400498;146893;4;53
r;32642058;400498;212235;4;60
r;14363441;400498;171870;4;68