
e;25705;'terre';1;4214
e;14270798;'VerbalMode:Impératif';4;0
e;14270847;'Ver:ImPre+SG+P2';4;0
e;14270944;'VerbalPers:P3';4;0
e;14270943;'VerbalPers:P2';4;0
e;14270942;'VerbalPers:P1';4;0
e;14270945;'VerbalNumber:SG';4;0
e;150120;'Ver:SPre+SG+P3';4;50
e;150119;'Ver:SPre+SG+P1';4;50
e;150118;'Ver:IPre+SG+P3';4;50
e;150117;'Ver:IPre+SG+P1';4;50
e;2586627;'Gender:Mas';4;0
e;146885;'Nom:Mas+SG';4;50
e;171869;'Adj:';4;50
e;2586628;'Gender:Fem';4;0
e;2586629;'Number:Sing';4;0
e;2935005;'VerbalTime:Present';4;0
e;2946892;'Ver:Conjug';4;0
e;3093591;'VerbalMode:Subjonctif';4;0
e;3093590;'VerbalMode:Indicatif';4;0
e;212235;'Ver:';4;50
e;146881;'Nom:Fem+SG';4;50
e;161698;'Ver:IPre+SG+P1:IPre+SG+P3:SPre+SG+P1:SPre+SG+P3:ImPre+SG+P2';4;50
e;171870;'Nom:';4;50
r;361880361;25705;14270798;4;25
r;363205351;25705;14270847;4;25
r;363026409;25705;14270944;4;25
r;363017424;25705;14270943;4;25
r;363008470;25705;14270942;4;25
r;362999610;25705;14270945;4;25
r;362990641;25705;150120;4;25
r;362981503;25705;150119;4;25
r;362972502;25705;150118;4;25
r;362963600;25705;150117;4;25
r;418352130;25705;2586627;4;25
r;427749516;25705;146885;4;25
r;97356205;25705;171869;4;29
r;54031434;25705;2586628;4;45
r;54062132;25705;2586629;4;45
r;72093555;25705;2935005;4;45
r;72422818;25705;2946892;4;45
r;75751711;25705;3093591;4;45
r;75751710;25705;3093590;4;48
r;12111303;25705;212235;4;51
r;56551;25705;146881;4;57
r;355159;25705;161698;4;57
r;1425225;25705;171870;4;104