
e;99919;'tisane';1;250
e;14270798;'VerbalMode:Impératif';4;0
e;14270847;'Ver:ImPre+SG+P2';4;0
e;14270944;'VerbalPers:P3';4;0
e;14270943;'VerbalPers:P2';4;0
e;14270942;'VerbalPers:P1';4;0
e;14270945;'VerbalNumber:SG';4;0
e;150120;'Ver:SPre+SG+P3';4;50
e;150119;'Ver:SPre+SG+P1';4;50
e;150118;'Ver:IPre+SG+P3';4;50
e;150117;'Ver:IPre+SG+P1';4;50
e;2946892;'Ver:Conjug';4;0
e;161698;'Ver:IPre+SG+P1:IPre+SG+P3:SPre+SG+P1:SPre+SG+P3:ImPre+SG+P2';4;50
e;2935005;'VerbalTime:Present';4;0
e;212235;'Ver:';4;50
e;3093591;'VerbalMode:Subjonctif';4;0
e;2586628;'Gender:Fem';4;0
e;2586629;'Number:Sing';4;0
e;3093590;'VerbalMode:Indicatif';4;0
e;146881;'Nom:Fem+SG';4;50
e;171870;'Nom:';4;50
r;361886743;99919;14270798;4;25
r;363198465;99919;14270847;4;25
r;363019947;99919;14270944;4;25
r;363010989;99919;14270943;4;25
r;363002100;99919;14270942;4;25
r;362993211;99919;14270945;4;25
r;362984039;99919;150120;4;25
r;362975049;99919;150119;4;25
r;362966117;99919;150118;4;25
r;362957175;99919;150117;4;25
r;77362021;99919;2946892;4;26
r;77362018;99919;161698;4;27
r;77362020;99919;2935005;4;27
r;77362019;99919;212235;4;29
r;77362023;99919;3093591;4;30
r;54031574;99919;2586628;4;45
r;54062280;99919;2586629;4;45
r;77362022;99919;3093590;4;48
r;57082;99919;146881;4;54
r;492215;99919;171870;4;55