
e;92836;'toilettes';1;888
e;74198;'effets';1;58
e;2081551;'sapes';2;2
e;422869;'loo';1;50
e;2605366;'scene';1;4
e;12529;'water-closets';1;60
e;78814;'pipi-room';1;54
e;258709;'cagoince';1;54
e;2435306;'watercloset';1;0
e;136771;'WC';1;476
e;1773803;'w c';1;0
e;42193;'lavatory';1;50
e;81235;'w.-c';1;50
e;226723;'sanisettes';1;4
e;7225;'litière';1;128
e;30142;'w.c';1;50
e;145356;'W.C';1;56
e;90645;'vécés';1;52
e;25132;'tenue';1;492
e;7592;'ajustement';1;84
e;143930;'mise';1;186
e;130778;'tailleur';1;242
e;70998;'trousseau';1;206
e;66380;'goguenots';1;58
e;77583;'gogues';1;58
e;161627;'wc';1;104
e;39676;'tartisses';1;56
e;183000;'lieu d'aisance';1;2
e;142299;'W.-C';1;50
e;92378;'habillement';1;598
e;92080;'vêtements';1;546
e;32981;'ablution';1;64
e;78813;'astiquage';1;50
e;110160;'robe';1;1122
e;125120;'toilettage';1;80
e;13880;'cabinets';1;104
e;179693;'w.-c.';1;50
e;68115;'waters';1;58
e;95364;'nettoyage';1;556
e;51445;'apprêts';1;50
e;59618;'bain';1;928
e;58088;'chiffon';1;484
e;125719;'coiffeuse';1;236
e;133857;'mode';1;1348
e;109023;'poudreuse';1;136
e;2512779;'gogs';1;0
e;109733;'propreté';1;482
e;142873;'costume';1;516
e;90053;'lavabo';1;712
e;115805;'soin';1;1282
e;2511898;'W.C.';1;0
e;48961;'parure';1;258
e;35925;'terrain';1;1782
e;123521;'water-closet';1;50
e;210065;'W. - C.';1;50
e;139781;'lieux d'aisances';1;58
e;127645;'chiotte';1;86
e;110365;'gogue';1;50
e;74913;'latrines';1;100
e;24814;'cabinet';1;788
e;77771;'petit coin';1;68
e;94933;'chiottes';1;296
r;418693491;92836;14925511;5;5
r;418693522;92836;9120862;5;5
r;416268322;92836;7420660;5;15
r;416343309;92836;74198;5;15
r;416416997;92836;14966796;5;15
r;416417081;92836;7010627;5;15
r;416202820;92836;2081551;5;20
r;416228692;92836;15251537;5;20
r;416228708;92836;14928034;5;20
r;309726898;92836;595416;5;25
r;309961842;92836;1169131;5;25
r;309997636;92836;606135;5;25
r;412919424;92836;7586645;5;25
r;412919425;92836;14925533;5;25
r;412919426;92836;14954145;5;25
r;412919435;92836;15101251;5;25
r;412919436;92836;7096309;5;25
r;412919437;92836;14954955;5;25
r;412919438;92836;15070022;5;25
r;412919439;92836;15066856;5;25
r;412919440;92836;14945968;5;25
r;412919441;92836;15076258;5;25
r;412919442;92836;15070021;5;25
r;412920562;92836;14944793;5;25
r;412920563;92836;15110526;5;25
r;412920566;92836;14921509;5;25
r;412920567;92836;15090553;5;25
r;412920568;92836;14962152;5;25
r;412920569;92836;9120871;5;25
r;412921427;92836;14954216;5;25
r;412921429;92836;12463812;5;25
r;412921432;92836;7096198;5;25
r;412921437;92836;7586152;5;25
r;412921440;92836;14922545;5;25
r;412921442;92836;14965744;5;25
r;412921444;92836;15061000;5;25
r;412921446;92836;14922929;5;25
r;412922300;92836;15048149;5;25
r;412922301;92836;15048147;5;25
r;412922302;92836;15048146;5;25
r;412922303;92836;12394466;5;25
r;412922304;92836;15048145;5;25
r;412922305;92836;14927163;5;25
r;412922306;92836;15048144;5;25
r;412922904;92836;14964866;5;25
r;412922906;92836;422869;5;25
r;413456269;92836;2605366;5;25
r;413456270;92836;6887714;5;25
r;413456276;92836;7054152;5;25
r;413456279;92836;7054260;5;25
r;413456281;92836;7290990;5;25
r;413456290;92836;14930638;5;25
r;413456292;92836;14937430;5;25
r;413456295;92836;14953534;5;25
r;413456299;92836;15044411;5;25
r;59233979;92836;12529;5;30
r;72753939;92836;78814;5;30
r;77533589;92836;258709;5;30
r;98738322;92836;2435306;5;30
r;1740709;92836;136771;5;35
r;29162612;92836;1773803;5;35
r;412919458;92836;42193;5;35
r;13619756;92836;81235;5;36
r;12158126;92836;226723;5;36
r;12184550;92836;214867;5;36
r;12321548;92836;7225;5;36
r;29218643;92836;30142;5;36
r;29218647;92836;145356;5;36
r;78144600;92836;90645;5;36
r;85607968;92836;25132;5;36
r;85607969;92836;7592;5;36
r;85607970;92836;143930;5;36
r;85607988;92836;130778;5;36
r;85607990;92836;70998;5;36
r;287980197;92836;66380;5;36
r;287980198;92836;77583;5;36
r;13619689;92836;161627;5;37
r;12166482;92836;39676;5;37
r;12193473;92836;183000;5;37
r;54381756;92836;142299;5;37
r;85607971;92836;92378;5;37
r;85607973;92836;92080;5;37
r;85607974;92836;32981;5;37
r;85607979;92836;78813;5;37
r;85607986;92836;110160;5;37
r;85607989;92836;125120;5;37
r;85835630;92836;13880;5;37
r;309724658;92836;683643;5;37
r;12195778;92836;179693;5;38
r;59254939;92836;68115;5;38
r;85607976;92836;95364;5;38
r;85607978;92836;51445;5;38
r;85607980;92836;59618;5;38
r;85607981;92836;58088;5;38
r;85607982;92836;125719;5;38
r;85607984;92836;133857;5;38
r;85607985;92836;109023;5;38
r;61423287;92836;2512779;5;39
r;85607972;92836;109733;5;39
r;85607975;92836;142873;5;39
r;85607983;92836;90053;5;39
r;85607987;92836;115805;5;39
r;89180028;92836;2511898;5;39
r;85607977;92836;48961;5;40
r;412920557;92836;35925;5;40
r;53894600;92836;123521;5;41
r;54381736;92836;210065;5;41
r;59253486;92836;139781;5;50
r;12126491;92836;127645;5;52
r;12127551;92836;110365;5;52
r;8868714;92836;74913;5;53
r;12126492;92836;24814;5;53
r;12126490;92836;77771;5;60
r;194081259;92836;94933;5;111
r;419073776;15114682;92836;5;10
r;416251236;35925;92836;5;15
r;416251279;7290990;92836;5;15
r;416251281;14930638;92836;5;15
r;416251283;14937430;92836;5;15
r;416251285;14953534;92836;5;15
r;416251287;15044411;92836;5;15
r;416251295;2605366;92836;5;15
r;416251297;6887714;92836;5;15
r;416251299;7054152;92836;5;15
r;416251301;7054260;92836;5;15
r;416251472;42193;92836;5;15
r;416289095;14964866;92836;5;15
r;416289096;422869;92836;5;15
r;416289129;15048149;92836;5;15
r;416289131;15048147;92836;5;15
r;416289133;15048146;92836;5;15
r;416289135;12394466;92836;5;15
r;416289137;15048145;92836;5;15
r;416289139;14927163;92836;5;15
r;416289141;15048144;92836;5;15
r;416289164;14954216;92836;5;15
r;416289166;12463812;92836;5;15
r;416289168;7096198;92836;5;15
r;416289170;7586152;92836;5;15
r;416289172;14922545;92836;5;15
r;416289174;14965744;92836;5;15
r;416289176;15061000;92836;5;15
r;416289178;14922929;92836;5;15
r;416289189;15101251;92836;5;15
r;416289191;7096309;92836;5;15
r;416289193;15070022;92836;5;15
r;416289195;14945968;92836;5;15
r;416289197;15070021;92836;5;15
r;416289206;14944793;92836;5;15
r;416289208;15110526;92836;5;15
r;416289210;14921509;92836;5;15
r;416289212;15090553;92836;5;15
r;416289214;14962152;92836;5;15
r;416349036;15076258;92836;5;15
r;416349037;14925533;92836;5;15
r;416349039;14954145;92836;5;15
r;416349040;9120871;92836;5;15
r;416354622;7586645;92836;5;15
r;416354623;14954955;92836;5;15
r;416354625;15066856;92836;5;15
r;397281218;7010627;92836;5;20
r;397279806;14966796;92836;5;20
r;413160118;7420660;92836;5;20
r;412847900;74198;92836;5;21
r;287980188;66380;92836;5;25
r;414667438;2081551;92836;5;25
r;85643878;78813;92836;5;26
r;287980190;77583;92836;5;26
r;12158667;110365;92836;5;27
r;12158963;77771;92836;5;27
r;61011258;2512779;92836;5;27
r;85643858;7592;92836;5;27
r;85643860;143930;92836;5;27
r;85643876;51445;92836;5;27
r;85797373;13880;92836;5;27
r;85643862;92378;92836;5;28
r;85643887;133857;92836;5;28
r;85643893;115805;92836;5;28
r;1730500;183000;92836;5;29
r;85643885;90053;92836;5;29
r;85643889;109023;92836;5;29
r;85643899;70998;92836;5;29
r;77536982;258709;92836;5;30
r;402445524;9120862;92836;5;30
r;402445639;14925511;92836;5;30
r;85643880;59618;92836;5;31
r;85643884;125719;92836;5;31
r;85643870;142873;92836;5;32
r;85643874;48961;92836;5;32
r;85643895;130778;92836;5;32
r;309331344;595416;92836;5;33
r;309387449;606135;92836;5;33
r;309403380;683643;92836;5;33
r;309409201;1169131;92836;5;33
r;85643856;25132;92836;5;34
r;85643868;32981;92836;5;34
r;85643872;95364;92836;5;34
r;85643882;58088;92836;5;34
r;85643891;110160;92836;5;34
r;1943064;214867;92836;5;35
r;85643864;109733;92836;5;35
r;85643897;125120;92836;5;37
r;413017185;14928034;92836;5;40
r;413017498;15251537;92836;5;40
r;77975252;90645;92836;5;41
r;54169751;123521;92836;5;42
r;95748730;2435306;92836;5;42
r;12158961;127645;92836;5;45
r;12129793;226723;92836;5;54
r;188034;7225;92836;5;55
r;85643866;92080;92836;5;55
r;8859702;39676;92836;5;57
r;55227660;12529;92836;5;57
r;55146876;68115;92836;5;59
r;55148108;139781;92836;5;59
r;72733254;78814;92836;5;61
r;1727939;179693;92836;5;71
r;12189258;136771;92836;5;71
r;13500771;81235;92836;5;71
r;13577236;161627;92836;5;71
r;29139010;1773803;92836;5;71
r;29161534;145356;92836;5;71
r;29161622;30142;92836;5;71
r;53898941;210065;92836;5;71
r;53898977;142299;92836;5;71
r;89172670;2511898;92836;5;75
r;1730712;24814;92836;5;85
r;12165866;74913;92836;5;85
r;194081258;94933;92836;5;109