
e;142736;'toile';1;1434
e;14270798;'VerbalMode:Impératif';4;0
e;14270847;'Ver:ImPre+SG+P2';4;0
e;14270944;'VerbalPers:P3';4;0
e;14270943;'VerbalPers:P2';4;0
e;14270942;'VerbalPers:P1';4;0
e;14270945;'VerbalNumber:SG';4;0
e;150120;'Ver:SPre+SG+P3';4;50
e;150119;'Ver:SPre+SG+P1';4;50
e;150118;'Ver:IPre+SG+P3';4;50
e;150117;'Ver:IPre+SG+P1';4;50
e;2586628;'Gender:Fem';4;0
e;2586629;'Number:Sing';4;0
e;161698;'Ver:IPre+SG+P1:IPre+SG+P3:SPre+SG+P1:SPre+SG+P3:ImPre+SG+P2';4;50
e;212235;'Ver:';4;50
e;2935005;'VerbalTime:Present';4;0
e;2946892;'Ver:Conjug';4;0
e;3093591;'VerbalMode:Subjonctif';4;0
e;3093590;'VerbalMode:Indicatif';4;0
e;146881;'Nom:Fem+SG';4;50
e;171870;'Nom:';4;50
r;361884345;142736;14270798;4;25
r;363201129;142736;14270847;4;25
r;363022376;142736;14270944;4;25
r;363013394;142736;14270943;4;25
r;363004490;142736;14270942;4;25
r;362995620;142736;14270945;4;25
r;362986486;142736;150120;4;25
r;362977493;142736;150119;4;25
r;362968517;142736;150118;4;25
r;362959586;142736;150117;4;25
r;54031586;142736;2586628;4;45
r;54062292;142736;2586629;4;45
r;75552779;142736;161698;4;45
r;75552780;142736;212235;4;45
r;75552781;142736;2935005;4;45
r;75552782;142736;2946892;4;45
r;75552784;142736;3093591;4;45
r;75552783;142736;3093590;4;48
r;57140;142736;146881;4;52
r;1425691;142736;171870;4;82