
e;139194;'toilette';1;438
e;14270798;'VerbalMode:Impératif';4;0
e;14270847;'Ver:ImPre+SG+P2';4;0
e;14270944;'VerbalPers:P3';4;0
e;14270943;'VerbalPers:P2';4;0
e;14270942;'VerbalPers:P1';4;0
e;14270945;'VerbalNumber:SG';4;0
e;150120;'Ver:SPre+SG+P3';4;50
e;150119;'Ver:SPre+SG+P1';4;50
e;150118;'Ver:IPre+SG+P3';4;50
e;150117;'Ver:IPre+SG+P1';4;50
e;2586628;'Gender:Fem';4;0
e;2586629;'Number:Sing';4;0
e;161698;'Ver:IPre+SG+P1:IPre+SG+P3:SPre+SG+P1:SPre+SG+P3:ImPre+SG+P2';4;50
e;2935005;'VerbalTime:Present';4;0
e;2946892;'Ver:Conjug';4;0
e;3093591;'VerbalMode:Subjonctif';4;0
e;3093590;'VerbalMode:Indicatif';4;0
e;146881;'Nom:Fem+SG';4;50
e;212235;'Ver:';4;50
e;171870;'Nom:';4;50
r;361884107;139194;14270798;4;25
r;363201418;139194;14270847;4;25
r;363022655;139194;14270944;4;25
r;363013633;139194;14270943;4;25
r;363004728;139194;14270942;4;25
r;362995858;139194;14270945;4;25
r;362986726;139194;150120;4;25
r;362977736;139194;150119;4;25
r;362968757;139194;150118;4;25
r;362959825;139194;150117;4;25
r;54031587;139194;2586628;4;45
r;54062293;139194;2586629;4;45
r;75618948;139194;161698;4;45
r;75618949;139194;2935005;4;45
r;75618950;139194;2946892;4;45
r;75618952;139194;3093591;4;45
r;75618951;139194;3093590;4;47
r;57144;139194;146881;4;55
r;32643419;139194;212235;4;60
r;1425695;139194;171870;4;84