
e;92836;'toilettes';1;888
e;14270943;'VerbalPers:P2';4;0
e;14270945;'VerbalNumber:SG';4;0
e;161718;'Ver:SPre+SG+P2';4;50
e;161717;'Ver:IPre+SG+P2';4;50
e;2586628;'Gender:Fem';4;0
e;2586630;'Number:Plur';4;0
e;2935005;'VerbalTime:Present';4;0
e;2946892;'Ver:Conjug';4;0
e;3093590;'VerbalMode:Indicatif';4;0
e;3093591;'VerbalMode:Subjonctif';4;0
e;161710;'Ver:IPre+SG+P2:SPre+SG+P2';4;50
e;146893;'Nom:Fem+PL';4;50
e;212235;'Ver:';4;50
e;171870;'Nom:';4;50
r;362953296;92836;14270943;4;25
r;362944900;92836;14270945;4;25
r;362936420;92836;161718;4;25
r;362927954;92836;161717;4;25
r;53987645;92836;2586628;4;45
r;54003735;92836;2586630;4;45
r;72093574;92836;2935005;4;45
r;72422837;92836;2946892;4;45
r;75618953;92836;3093590;4;45
r;75618954;92836;3093591;4;45
r;355258;92836;161710;4;54
r;57143;92836;146893;4;56
r;12111474;92836;212235;4;57
r;1425698;92836;171870;4;87