
e;136232;'tout';1;700
e;171869;'Adj:';4;50
e;212235;'Ver:';4;50
e;147826;'Pro:';4;50
e;2586627;'Gender:Mas';4;0
e;2586629;'Number:Sing';4;0
e;146885;'Nom:Mas+SG';4;50
e;146901;'Det:Mas+SG';4;50
e;146888;'Adj:Mas+SG';4;50
e;147628;'Det:';4;50
e;2356744;'Pro:Indef';4;0
e;171870;'Nom:';4;50
e;146889;'Adv:';4;50
r;1425952;136232;171869;4;-47
r;390437250;136232;212235;4;-25
r;48898857;136232;147826;4;29
r;53977938;136232;2586627;4;45
r;53986914;136232;2586629;4;45
r;57535;136232;146885;4;55
r;57534;136232;146901;4;58
r;32643824;136232;146888;4;59
r;12111670;136232;147628;4;60
r;48898816;136232;2356744;4;66
r;1425951;136232;171870;4;74
r;57533;136232;146889;4;137