
e;69550;'travailler';1;3026
e;317329;'_POLIT_7NOPOL';36;50
e;254878;'_POL-NEG_PC';36;50
e;317325;'_POLIT_4MD';36;50
e;317326;'_POLIT_5UMP';36;50
e;317324;'_POLIT_3PS';36;50
e;254876;'_POL-POS_PC';36;50
e;317323;'_POLIT_2PG';36;50
e;248198;'_SEX_NO';36;50
e;214534;'_INFO-MEANING-FIGURED';36;50
e;276096;'_INFO-WIKI-YES';36;50
e;191741;'_INFO-VOC-COMMON';36;50
e;217817;'_INFO-POLYSEMIC';36;50
e;2585996;'_INFO-CNRTL-YES';36;50
e;254877;'_POL-NEUTRE_PC';36;50
e;223172;'_POL-NEG';36;50
e;223173;'_POL-POS';36;50
e;241794;'_POL-NEUTRE';36;50
r;8920418;69550;317329;36;-4
r;2330047;69550;254878;36;15
r;8920417;69550;317325;36;16
r;8934656;69550;317326;36;16
r;25377576;69550;317324;36;16
r;2330045;69550;254876;36;18
r;8921831;69550;317323;36;19
r;2196093;69550;248198;36;30
r;52559219;69550;214534;36;40
r;7109341;69550;276096;36;42
r;741697;69550;191741;36;43
r;1660768;69550;217817;36;49
r;54850666;69550;2585996;36;58
r;2330046;69550;254877;36;66
r;2002348;69550;223172;36;208
r;1995317;69550;223173;36;250
r;1995344;69550;241794;36;901