
e;25910;'télécommande';1;178
e;14270798;'VerbalMode:Impératif';4;0
e;14270847;'Ver:ImPre+SG+P2';4;0
e;14270944;'VerbalPers:P3';4;0
e;14270943;'VerbalPers:P2';4;0
e;14270942;'VerbalPers:P1';4;0
e;14270945;'VerbalNumber:SG';4;0
e;150120;'Ver:SPre+SG+P3';4;50
e;150119;'Ver:SPre+SG+P1';4;50
e;150118;'Ver:IPre+SG+P3';4;50
e;150117;'Ver:IPre+SG+P1';4;50
e;2586628;'Gender:Fem';4;0
e;2586629;'Number:Sing';4;0
e;2935005;'VerbalTime:Present';4;0
e;2946892;'Ver:Conjug';4;0
e;3093591;'VerbalMode:Subjonctif';4;0
e;3093590;'VerbalMode:Indicatif';4;0
e;146881;'Nom:Fem+SG';4;50
e;161698;'Ver:IPre+SG+P1:IPre+SG+P3:SPre+SG+P1:SPre+SG+P3:ImPre+SG+P2';4;50
e;171870;'Nom:';4;50
e;212235;'Ver:';4;50
r;361880784;25910;14270798;4;25
r;363204928;25910;14270847;4;25
r;363025986;25910;14270944;4;25
r;363016979;25910;14270943;4;25
r;363008049;25910;14270942;4;25
r;362999195;25910;14270945;4;25
r;362990204;25910;150120;4;25
r;362981080;25910;150119;4;25
r;362972077;25910;150118;4;25
r;362963177;25910;150117;4;25
r;54031341;25910;2586628;4;45
r;54062036;25910;2586629;4;45
r;72093539;25910;2935005;4;45
r;72422801;25910;2946892;4;45
r;75602691;25910;3093591;4;45
r;75602690;25910;3093590;4;47
r;56185;25910;146881;4;55
r;355076;25910;161698;4;56
r;1424946;25910;171870;4;60
r;12111143;25910;212235;4;60