
e;55325;'téléphoner';1;696
e;254878;'_POL-NEG_PC';36;50
e;248198;'_SEX_NO';36;50
e;248197;'_SEX_YES';36;50
e;251716;'_INFO-MONOSEMIC';36;50
e;273221;'_INFO-WIKI-NO';36;50
e;223172;'_POL-NEG';36;50
e;254876;'_POL-POS_PC';36;50
e;191741;'_INFO-VOC-COMMON';36;50
e;254877;'_POL-NEUTRE_PC';36;50
e;2585996;'_INFO-CNRTL-YES';36;50
e;223173;'_POL-POS';36;50
e;241794;'_POL-NEUTRE';36;50
r;27066129;55325;254878;36;5
r;2195458;55325;248198;36;16
r;19277066;55325;248197;36;16
r;95960538;55325;251716;36;30
r;6996803;55325;273221;36;42
r;26518178;55325;223172;36;44
r;2337083;55325;254876;36;45
r;741583;55325;191741;36;48
r;3236376;55325;254877;36;49
r;54603256;55325;2585996;36;57
r;2020428;55325;223173;36;365
r;3231816;55325;241794;36;400