
e;42271;'un';1;2416
e;212235;'Ver:';4;50
e;146885;'Nom:Mas+SG';4;50
e;146887;'Nom:Mas+PL';4;50
e;2356744;'Pro:Indef';4;0
e;147812;'Adj:Card';4;50
e;147826;'Pro:';4;50
e;2586627;'Gender:Mas';4;0
e;2586629;'Number:Sing';4;0
e;2586637;'Number:Inv';4;0
e;2586630;'Number:Plur';4;0
e;146886;'Nom:Mas+InvPL';4;50
e;146888;'Adj:Mas+SG';4;50
e;171869;'Adj:';4;50
e;171870;'Nom:';4;50
e;146901;'Det:Mas+SG';4;50
e;147628;'Det:';4;50
r;399615916;42271;212235;4;25
r;15821256;42271;146885;4;27
r;15819530;42271;146887;4;35
r;48898817;42271;2356744;4;42
r;71704295;42271;147812;4;44
r;48898858;42271;147826;4;45
r;53970659;42271;2586627;4;45
r;53985057;42271;2586629;4;45
r;54087191;42271;2586637;4;45
r;54111708;42271;2586630;4;45
r;59048;42271;146886;4;53
r;59046;42271;146888;4;58
r;1426785;42271;171869;4;61
r;1426786;42271;171870;4;70
r;59047;42271;146901;4;86
r;12112343;42271;147628;4;235