
e;114787;'une';1;344
e;146885;'Nom:Mas+SG';4;50
e;2586627;'Gender:Mas';4;0
e;2356744;'Pro:Indef';4;0
e;147826;'Pro:';4;50
e;2586628;'Gender:Fem';4;0
e;2586629;'Number:Sing';4;0
e;146894;'Adj:Fem+SG';4;50
e;171869;'Adj:';4;50
e;146881;'Nom:Fem+SG';4;50
e;171870;'Nom:';4;50
e;161751;'Det:Fem+SG';4;50
e;147628;'Det:';4;50
r;375506795;114787;146885;4;25
r;382055125;114787;2586627;4;25
r;48898818;114787;2356744;4;40
r;48898859;114787;147826;4;45
r;53921783;114787;2586628;4;46
r;54062699;114787;2586629;4;46
r;355615;114787;146894;4;51
r;1952907;114787;171869;4;56
r;58969;114787;146881;4;57
r;492630;114787;171870;4;65
r;355616;114787;161751;4;71
r;2044096;114787;147628;4;194