
e;104467;'utile';1;248
e;2586634;'Gender:Inv';4;0
e;2586627;'Gender:Mas';4;0
e;2586628;'Gender:Fem';4;0
e;2586629;'Number:Sing';4;0
e;146889;'Adv:';4;50
e;146885;'Nom:Mas+SG';4;50
e;171870;'Nom:';4;50
e;146883;'Adj:InvGen+SG';4;50
e;146888;'Adj:Mas+SG';4;50
e;146894;'Adj:Fem+SG';4;50
e;171869;'Adj:';4;50
r;53941712;104467;2586634;4;45
r;53976257;104467;2586627;4;45
r;53929446;104467;2586628;4;46
r;53947152;104467;2586629;4;46
r;1426973;104467;146889;4;60
r;59169;104467;146885;4;65
r;1426972;104467;171870;4;70
r;59168;104467;146883;4;72
r;16092551;104467;146888;4;75
r;16087128;104467;146894;4;77
r;1426971;104467;171869;4;160