
e;116162;'valise';1;604
e;14270798;'VerbalMode:Impératif';4;0
e;14270847;'Ver:ImPre+SG+P2';4;0
e;14270944;'VerbalPers:P3';4;0
e;14270943;'VerbalPers:P2';4;0
e;14270942;'VerbalPers:P1';4;0
e;14270945;'VerbalNumber:SG';4;0
e;150120;'Ver:SPre+SG+P3';4;50
e;150119;'Ver:SPre+SG+P1';4;50
e;150118;'Ver:IPre+SG+P3';4;50
e;150117;'Ver:IPre+SG+P1';4;50
e;2586628;'Gender:Fem';4;0
e;2586629;'Number:Sing';4;0
e;161698;'Ver:IPre+SG+P1:IPre+SG+P3:SPre+SG+P1:SPre+SG+P3:ImPre+SG+P2';4;50
e;2935005;'VerbalTime:Present';4;0
e;2946892;'Ver:Conjug';4;0
e;3093591;'VerbalMode:Subjonctif';4;0
e;3093590;'VerbalMode:Indicatif';4;0
e;146881;'Nom:Fem+SG';4;50
e;212235;'Ver:';4;50
e;171870;'Nom:';4;50
r;361883992;116162;14270798;4;25
r;363201549;116162;14270847;4;25
r;363022773;116162;14270944;4;25
r;363013748;116162;14270943;4;25
r;363004843;116162;14270942;4;25
r;362995972;116162;14270945;4;25
r;362986840;116162;150120;4;25
r;362977855;116162;150119;4;25
r;362968872;116162;150118;4;25
r;362959941;116162;150117;4;25
r;54032060;116162;2586628;4;45
r;54062792;116162;2586629;4;45
r;75646727;116162;161698;4;45
r;75646728;116162;2935005;4;45
r;75646729;116162;2946892;4;45
r;75646731;116162;3093591;4;45
r;75646730;116162;3093590;4;48
r;59343;116162;146881;4;56
r;32646140;116162;212235;4;60
r;1427068;116162;171870;4;75