
e;113749;'valoir';1;78
e;254878;'_POL-NEG_PC';36;50
e;217817;'_INFO-POLYSEMIC';36;50
e;273221;'_INFO-WIKI-NO';36;50
e;223172;'_POL-NEG';36;50
e;254876;'_POL-POS_PC';36;50
e;254877;'_POL-NEUTRE_PC';36;50
e;191741;'_INFO-VOC-COMMON';36;50
e;2585996;'_INFO-CNRTL-YES';36;50
e;223173;'_POL-POS';36;50
e;241794;'_POL-NEUTRE';36;50
r;27060860;113749;254878;36;6
r;390519076;113749;217817;36;25
r;86879901;113749;273221;36;31
r;26521822;113749;223172;36;43
r;9332663;113749;254876;36;47
r;9332664;113749;254877;36;47
r;741789;113749;191741;36;58
r;54878119;113749;2585996;36;60
r;9145804;113749;223173;36;321
r;9214432;113749;241794;36;323