
e;32528;'vers';1;878
e;146898;'Int:';4;50
e;146889;'Adv:';4;50
e;146885;'Nom:Mas+SG';4;50
e;2586627;'Gender:Mas';4;0
e;2586637;'Number:Inv';4;0
e;2586630;'Number:Plur';4;0
e;2586629;'Number:Sing';4;0
e;146887;'Nom:Mas+PL';4;50
e;146886;'Nom:Mas+InvPL';4;50
e;171870;'Nom:';4;50
e;146911;'Pre:';4;50
r;1427429;32528;146898;4;-54
r;418378839;32528;146889;4;-25
r;15821288;32528;146885;4;32
r;54085360;32528;2586627;4;45
r;54087223;32528;2586637;4;45
r;54108637;32528;2586630;4;45
r;54195140;32528;2586629;4;45
r;355811;32528;146887;4;57
r;59903;32528;146886;4;58
r;1427430;32528;171870;4;125
r;59904;32528;146911;4;150