
e;399209;'veux';1;50
e;14270847;'Ver:ImPre+SG+P2';4;0
e;14270943;'VerbalPers:P2';4;0
e;14270942;'VerbalPers:P1';4;0
e;14270945;'VerbalNumber:SG';4;0
e;161717;'Ver:IPre+SG+P2';4;50
e;150117;'Ver:IPre+SG+P1';4;50
e;14270798;'VerbalMode:Impératif';4;0
e;3093590;'VerbalMode:Indicatif';4;0
e;2935005;'VerbalTime:Present';4;0
e;2946892;'Ver:Conjug';4;0
e;212235;'Ver:';4;50
e;161703;'Ver:IPre+SG+P1:IPre+SG+P2:ImPre+SG+P2';4;50
r;363207698;399209;14270847;4;25
r;363029446;399209;14270943;4;25
r;363029238;399209;14270942;4;25
r;363029017;399209;14270945;4;25
r;363028806;399209;161717;4;25
r;363028594;399209;150117;4;25
r;361876495;399209;14270798;4;29
r;361876707;399209;3093590;4;35
r;72094164;399209;2935005;4;45
r;72423548;399209;2946892;4;45
r;14343467;399209;212235;4;51
r;14343466;399209;161703;4;60