
e;83995;'vis-à-vis';1;56
e;251716;'_INFO-MONOSEMIC';36;50
e;254878;'_POL-NEG_PC';36;50
e;223172;'_POL-NEG';36;50
e;15991431;'_ANIME-YES';36;50
e;254877;'_POL-NEUTRE_PC';36;50
e;276096;'_INFO-WIKI-YES';36;50
e;162759;'_INFO-SEM-PLACE';36;504
e;162761;'_INFO-SEM-PERS';36;732
e;191669;'_INFO-SEM-LIVING-BEING';36;160
e;438949;'_INFO-POLYMORPHIC';36;50
e;217817;'_INFO-POLYSEMIC';36;50
e;2585997;'_INFO-CNRTL-NO';36;50
e;254876;'_POL-POS_PC';36;50
e;241794;'_POL-NEUTRE';36;50
e;223173;'_POL-POS';36;50
r;310672758;83995;251716;36;-15
r;27457487;83995;254878;36;5
r;26634614;83995;223172;36;24
r;417384004;83995;15991431;36;25
r;9263545;83995;254877;36;26
r;329239281;83995;276096;36;34
r;82345458;83995;162759;36;37
r;59814175;83995;162761;36;40
r;60001472;83995;191669;36;40
r;18624520;83995;438949;36;50
r;2457543;83995;217817;36;52
r;54762622;83995;2585997;36;52
r;9263544;83995;254876;36;69
r;9210977;83995;241794;36;137
r;9171003;83995;223173;36;360