
e;126596;'volumineux';1;76
e;254877;'_POL-NEUTRE_PC';36;50
e;217817;'_INFO-POLYSEMIC';36;50
e;273221;'_INFO-WIKI-NO';36;50
e;254878;'_POL-NEG_PC';36;50
e;254876;'_POL-POS_PC';36;50
e;2585996;'_INFO-CNRTL-YES';36;50
e;241794;'_POL-NEUTRE';36;50
e;223172;'_POL-NEG';36;50
e;223173;'_POL-POS';36;50
r;27192444;126596;254877;36;13
r;396062754;126596;217817;36;25
r;86487479;126596;273221;36;32
r;2403735;126596;254878;36;39
r;9252426;126596;254876;36;49
r;54791747;126596;2585996;36;59
r;26473347;126596;241794;36;93
r;2029985;126596;223172;36;283
r;9137784;126596;223173;36;356