
e;45244;'vous';1;362
e;171870;'Nom:';4;50
e;2586627;'Gender:Mas';4;0
e;2586628;'Gender:Fem';4;0
e;2356740;'Pro:Pers';4;0
e;2931950;'Pro:Pers:COI';4;0
e;2931521;'Pro:Pers:SUJ';4;0
e;14718912;'Pro:Pers:Réfléchi';4;0
e;151362;'Pro:PL+P2';4;50
e;147826;'Pro:';4;50
e;2931520;'Pro:Pers:COD';4;0
r;1428134;45244;171870;4;-57
r;418383907;45244;2586627;4;25
r;418383909;45244;2586628;4;25
r;48898705;45244;2356740;4;35
r;373216644;45244;2931950;4;38
r;71879362;45244;2931521;4;52
r;374235963;45244;14718912;4;52
r;60691;45244;151362;4;60
r;12113143;45244;147826;4;62
r;71879344;45244;2931520;4;78