
e;30726;'vu';1;92
e;146882;'Ver:Inf';4;50
e;146889;'Adv:';4;50
e;146898;'Int:';4;50
e;146885;'Nom:Mas+SG';4;50
e;171870;'Nom:';4;50
e;2586627;'Gender:Mas';4;0
e;2586629;'Number:Sing';4;0
e;161702;'Ver:PPas';4;50
e;212235;'Ver:';4;50
e;161699;'Ver:PPas+Mas+SG';4;50
e;146888;'Adj:Mas+SG';4;50
e;171869;'Adj:';4;50
e;146911;'Pre:';4;50
r;417002223;30726;146882;4;-25
r;418384222;30726;146889;4;25
r;418384224;30726;146898;4;25
r;97440130;30726;146885;4;29
r;2366798;30726;171870;4;45
r;53970898;30726;2586627;4;45
r;53985296;30726;2586629;4;45
r;2249949;30726;161702;4;52
r;12113174;30726;212235;4;53
r;356077;30726;161699;4;60
r;60766;30726;146888;4;64
r;1954948;30726;171869;4;72
r;60767;30726;146911;4;81