
e;102816;'vue';1;1300
e;161702;'Ver:PPas';4;50
e;2586628;'Gender:Fem';4;0
e;2586629;'Number:Sing';4;0
e;146881;'Nom:Fem+SG';4;50
e;161700;'Ver:PPas+Fem+SG';4;50
e;212235;'Ver:';4;50
e;146894;'Adj:Fem+SG';4;50
e;171869;'Adj:';4;50
e;171870;'Nom:';4;50
r;2247309;102816;161702;4;29
r;53921845;102816;2586628;4;46
r;54063177;102816;2586629;4;46
r;60735;102816;146881;4;54
r;356070;102816;161700;4;58
r;12113166;102816;212235;4;59
r;356071;102816;146894;4;60
r;1952960;102816;171869;4;73
r;1428162;102816;171870;4;121