
e;28888;'écoute';1;196
e;14270798;'VerbalMode:Impératif';4;0
e;14270847;'Ver:ImPre+SG+P2';4;0
e;14270944;'VerbalPers:P3';4;0
e;14270943;'VerbalPers:P2';4;0
e;14270942;'VerbalPers:P1';4;0
e;14270945;'VerbalNumber:SG';4;0
e;150120;'Ver:SPre+SG+P3';4;50
e;150119;'Ver:SPre+SG+P1';4;50
e;150118;'Ver:IPre+SG+P3';4;50
e;150117;'Ver:IPre+SG+P1';4;50
e;3093591;'VerbalMode:Subjonctif';4;0
e;3093590;'VerbalMode:Indicatif';4;0
e;171869;'Adj:';4;50
e;2586628;'Gender:Fem';4;0
e;2586629;'Number:Sing';4;0
e;2935005;'VerbalTime:Present';4;0
e;2946892;'Ver:Conjug';4;0
e;161698;'Ver:IPre+SG+P1:IPre+SG+P3:SPre+SG+P1:SPre+SG+P3:ImPre+SG+P2';4;50
e;212235;'Ver:';4;50
e;146881;'Nom:Fem+SG';4;50
e;171870;'Nom:';4;50
r;361882872;28888;14270798;4;25
r;363202841;28888;14270847;4;25
r;363023900;28888;14270944;4;25
r;363014868;28888;14270943;4;25
r;363005964;28888;14270942;4;25
r;362997100;28888;14270945;4;25
r;362988097;28888;150120;4;25
r;362978985;28888;150119;4;25
r;362969994;28888;150118;4;25
r;362961066;28888;150117;4;25
r;76496023;28888;3093591;4;26
r;76496022;28888;3093590;4;30
r;95403546;28888;171869;4;31
r;54023539;28888;2586628;4;45
r;54053823;28888;2586629;4;45
r;72091871;28888;2935005;4;45
r;72421052;28888;2946892;4;45
r;346798;28888;161698;4;51
r;12093807;28888;212235;4;53
r;20164;28888;146881;4;56
r;1398809;28888;171870;4;79