
e;145727;'élevé';1;192
e;248198;'_SEX_NO';36;50
e;248197;'_SEX_YES';36;50
e;254878;'_POL-NEG_PC';36;50
e;254877;'_POL-NEUTRE_PC';36;50
e;276096;'_INFO-WIKI-YES';36;50
e;438949;'_INFO-POLYMORPHIC';36;50
e;217817;'_INFO-POLYSEMIC';36;50
e;214534;'_INFO-MEANING-FIGURED';36;50
e;223172;'_POL-NEG';36;50
e;2585996;'_INFO-CNRTL-YES';36;50
e;254876;'_POL-POS_PC';36;50
e;241794;'_POL-NEUTRE';36;50
e;223173;'_POL-POS';36;50
r;92556343;145727;248198;36;1
r;400096444;145727;248197;36;1
r;26785115;145727;254878;36;8
r;2381472;145727;254877;36;24
r;432994173;145727;276096;36;25
r;101842260;145727;438949;36;33
r;2267685;145727;217817;36;40
r;52638418;145727;214534;36;40
r;26419027;145727;223172;36;42
r;55177623;145727;2585996;36;53
r;2381471;145727;254876;36;68
r;2029758;145727;241794;36;133
r;2028035;145727;223173;36;380