
e;20025;'énorme';1;398
e;254878;'_POL-NEG_PC';36;50
e;248198;'_SEX_NO';36;50
e;438949;'_INFO-POLYMORPHIC';36;50
e;248197;'_SEX_YES';36;50
e;217817;'_INFO-POLYSEMIC';36;50
e;254877;'_POL-NEUTRE_PC';36;50
e;191741;'_INFO-VOC-COMMON';36;50
e;273221;'_INFO-WIKI-NO';36;50
e;254876;'_POL-POS_PC';36;50
e;2585996;'_INFO-CNRTL-YES';36;50
e;223172;'_POL-NEG';36;50
e;241794;'_POL-NEUTRE';36;50
e;223173;'_POL-POS';36;50
r;2324479;20025;254878;36;10
r;3122756;20025;248198;36;18
r;427425621;20025;438949;36;26
r;2189191;20025;248197;36;27
r;91442341;20025;217817;36;35
r;2324478;20025;254877;36;40
r;738905;20025;191741;36;44
r;6414690;20025;273221;36;48
r;2324477;20025;254876;36;50
r;54783526;20025;2585996;36;56
r;2188526;20025;223172;36;79
r;1992539;20025;241794;36;311
r;2009921;20025;223173;36;387