
e;20025;'énorme';1;398
e;171870;'Nom:';4;50
e;146885;'Nom:Mas+SG';4;50
e;146894;'Adj:Fem+SG';4;50
e;146888;'Adj:Mas+SG';4;50
e;2586634;'Gender:Inv';4;0
e;2586627;'Gender:Mas';4;0
e;2586628;'Gender:Fem';4;0
e;2586629;'Number:Sing';4;0
e;146883;'Adj:InvGen+SG';4;50
e;171869;'Adj:';4;50
r;348576571;20025;171870;4;25
r;427746292;20025;146885;4;25
r;16083367;20025;146894;4;31
r;16088787;20025;146888;4;38
r;53937945;20025;2586634;4;45
r;53972496;20025;2586627;4;45
r;53925687;20025;2586628;4;46
r;53943384;20025;2586629;4;46
r;21651;20025;146883;4;51
r;1400021;20025;171869;4;58