
e;118783;'épargner';1;138
e;317329;'_POLIT_7NOPOL';36;50
e;254878;'_POL-NEG_PC';36;50
e;254877;'_POL-NEUTRE_PC';36;50
e;317325;'_POLIT_4MD';36;50
e;317326;'_POLIT_5UMP';36;50
e;317324;'_POLIT_3PS';36;50
e;5405631;'_INFO-BN-NO';36;50
e;214534;'_INFO-MEANING-FIGURED';36;50
e;191741;'_INFO-VOC-COMMON';36;50
e;273221;'_INFO-WIKI-NO';36;50
e;223172;'_POL-NEG';36;50
e;2585996;'_INFO-CNRTL-YES';36;50
e;217817;'_INFO-POLYSEMIC';36;50
e;254876;'_POL-POS_PC';36;50
e;241794;'_POL-NEUTRE';36;50
e;223173;'_POL-POS';36;50
r;8919483;118783;317329;36;-2
r;26990167;118783;254878;36;7
r;9238534;118783;254877;36;15
r;8919097;118783;317325;36;16
r;26069813;118783;317326;36;16
r;8919482;118783;317324;36;17
r;286754890;118783;5405631;36;35
r;52533703;118783;214534;36;40
r;738948;118783;191741;36;41
r;7579582;118783;273221;36;42
r;26466853;118783;223172;36;47
r;54759221;118783;2585996;36;51
r;9112709;118783;217817;36;55
r;9112696;118783;254876;36;78
r;9215023;118783;241794;36;110
r;9110740;118783;223173;36;565