
e;105655;'épargne';1;206
e;14270798;'VerbalMode:Impératif';4;0
e;14270847;'Ver:ImPre+SG+P2';4;0
e;14270944;'VerbalPers:P3';4;0
e;14270943;'VerbalPers:P2';4;0
e;14270942;'VerbalPers:P1';4;0
e;14270945;'VerbalNumber:SG';4;0
e;150120;'Ver:SPre+SG+P3';4;50
e;150119;'Ver:SPre+SG+P1';4;50
e;150118;'Ver:IPre+SG+P3';4;50
e;150117;'Ver:IPre+SG+P1';4;50
e;3093591;'VerbalMode:Subjonctif';4;0
e;3093590;'VerbalMode:Indicatif';4;0
e;2586628;'Gender:Fem';4;0
e;2586629;'Number:Sing';4;0
e;2935005;'VerbalTime:Present';4;0
e;2946892;'Ver:Conjug';4;0
e;146881;'Nom:Fem+SG';4;50
e;161698;'Ver:IPre+SG+P1:IPre+SG+P3:SPre+SG+P1:SPre+SG+P3:ImPre+SG+P2';4;50
e;212235;'Ver:';4;50
e;171870;'Nom:';4;50
r;361880067;105655;14270798;4;25
r;363205647;105655;14270847;4;25
r;363026715;105655;14270944;4;25
r;363017718;105655;14270943;4;25
r;363008762;105655;14270942;4;25
r;362999902;105655;14270945;4;25
r;362990939;105655;150120;4;25
r;362981820;105655;150119;4;25
r;362972796;105655;150118;4;25
r;362963896;105655;150117;4;25
r;87934983;105655;3093591;4;28
r;87934984;105655;3093590;4;37
r;54023833;105655;2586628;4;45
r;54054127;105655;2586629;4;45
r;72091952;105655;2935005;4;45
r;72421135;105655;2946892;4;45
r;22079;105655;146881;4;57
r;347391;105655;161698;4;58
r;12095301;105655;212235;4;60
r;1400260;105655;171870;4;87