
e;127828;'équipée';1;60
e;248197;'_SEX_YES';36;50
e;248198;'_SEX_NO';36;50
e;254876;'_POL-POS_PC';36;50
e;15991432;'_ANIME-NO';36;50
e;254877;'_POL-NEUTRE_PC';36;50
e;191672;'_INFO-SEM-ACTION';36;36
e;273221;'_INFO-WIKI-NO';36;50
e;217817;'_INFO-POLYSEMIC';36;50
e;254878;'_POL-NEG_PC';36;50
e;438949;'_INFO-POLYMORPHIC';36;50
e;2585997;'_INFO-CNRTL-NO';36;50
e;223173;'_POL-POS';36;50
e;241794;'_POL-NEUTRE';36;50
e;223172;'_POL-NEG';36;50
r;2307079;127828;248197;36;16
r;23346648;127828;248198;36;17
r;27286852;127828;254876;36;22
r;418087529;127828;15991432;36;25
r;2322980;127828;254877;36;31
r;61274464;127828;191672;36;40
r;7676568;127828;273221;36;42
r;13046309;127828;217817;36;45
r;9154983;127828;254878;36;46
r;18677430;127828;438949;36;47
r;54886097;127828;2585997;36;58
r;26230056;127828;223173;36;92
r;2018616;127828;241794;36;129
r;9126628;127828;223172;36;394