
e;127828;'équipée';1;60
e;161702;'Ver:PPas';4;50
e;2586628;'Gender:Fem';4;0
e;2586629;'Number:Sing';4;0
e;161700;'Ver:PPas+Fem+SG';4;50
e;212235;'Ver:';4;50
e;146881;'Nom:Fem+SG';4;50
e;171870;'Nom:';4;50
e;146894;'Adj:Fem+SG';4;50
e;171869;'Adj:';4;50
r;2246921;127828;161702;4;32
r;53920896;127828;2586628;4;46
r;54054209;127828;2586629;4;46
r;347465;127828;161700;4;52
r;12095517;127828;212235;4;59
r;22403;127828;146881;4;60
r;1400433;127828;171870;4;60
r;347464;127828;146894;4;63
r;1952103;127828;171869;4;66