
e;247632;'était';1;52
e;14270944;'VerbalPers:P3';4;0
e;14270945;'VerbalNumber:SG';4;0
e;14271094;'VerbalTime:Imparfait';4;0
e;3093590;'VerbalMode:Indicatif';4;0
e;212235;'Ver:';4;50
e;2935006;'VerbalTime:Past';4;0
e;2946892;'Ver:Conjug';4;0
e;161747;'Ver:IImp+SG+P3';4;50
r;363314795;247632;14270944;4;25
r;363306534;247632;14270945;4;25
r;363298272;247632;14271094;4;25
r;363294140;247632;3093590;4;25
r;11652349;247632;212235;4;31
r;72116249;247632;2935006;4;45
r;72423248;247632;2946892;4;45
r;12095726;247632;161747;4;51