
e;19872;'étage';1;332
e;3093590;'VerbalMode:Indicatif';4;0
e;14270798;'VerbalMode:Impératif';4;0
e;14270847;'Ver:ImPre+SG+P2';4;0
e;3093591;'VerbalMode:Subjonctif';4;0
e;14270944;'VerbalPers:P3';4;0
e;14270943;'VerbalPers:P2';4;0
e;14270942;'VerbalPers:P1';4;0
e;14270945;'VerbalNumber:SG';4;0
e;150120;'Ver:SPre+SG+P3';4;50
e;150119;'Ver:SPre+SG+P1';4;50
e;150118;'Ver:IPre+SG+P3';4;50
e;150117;'Ver:IPre+SG+P1';4;50
e;2586627;'Gender:Mas';4;0
e;2586629;'Number:Sing';4;0
e;2935005;'VerbalTime:Present';4;0
e;2946892;'Ver:Conjug';4;0
e;146885;'Nom:Mas+SG';4;50
e;161698;'Ver:IPre+SG+P1:IPre+SG+P3:SPre+SG+P1:SPre+SG+P3:ImPre+SG+P2';4;50
e;212235;'Ver:';4;50
e;171870;'Nom:';4;50
r;361877804;19872;3093590;4;25
r;361880470;19872;14270798;4;25
r;363205242;19872;14270847;4;25
r;363195587;19872;3093591;4;25
r;363026302;19872;14270944;4;25
r;363017293;19872;14270943;4;25
r;363008358;19872;14270942;4;25
r;362999504;19872;14270945;4;25
r;362990534;19872;150120;4;25
r;362981396;19872;150119;4;25
r;362972393;19872;150118;4;25
r;362963491;19872;150117;4;25
r;54134290;19872;2586627;4;45
r;54173441;19872;2586629;4;45
r;72092004;19872;2935005;4;45
r;72421188;19872;2946892;4;45
r;22838;19872;146885;4;56
r;347574;19872;161698;4;57
r;12095716;19872;212235;4;58
r;526734;19872;171870;4;83