
e;74978;'étoiles';1;586
e;14270943;'VerbalPers:P2';4;0
e;14270945;'VerbalNumber:SG';4;0
e;161718;'Ver:SPre+SG+P2';4;50
e;161717;'Ver:IPre+SG+P2';4;50
e;2586628;'Gender:Fem';4;0
e;2586630;'Number:Plur';4;0
e;2935005;'VerbalTime:Present';4;0
e;2946892;'Ver:Conjug';4;0
e;3093590;'VerbalMode:Indicatif';4;0
e;3093591;'VerbalMode:Subjonctif';4;0
e;212235;'Ver:';4;50
e;146893;'Nom:Fem+PL';4;50
e;161710;'Ver:IPre+SG+P2:SPre+SG+P2';4;50
e;171870;'Nom:';4;50
r;362954837;74978;14270943;4;25
r;362946445;74978;14270945;4;25
r;362937978;74978;161718;4;25
r;362929514;74978;161717;4;25
r;53987905;74978;2586628;4;45
r;54003994;74978;2586630;4;45
r;72092020;74978;2935005;4;45
r;72421203;74978;2946892;4;45
r;75820500;74978;3093590;4;45
r;75820501;74978;3093591;4;45
r;12095823;74978;212235;4;51
r;347618;74978;146893;4;57
r;347619;74978;161710;4;58
r;1400849;74978;171870;4;67