
e;41682;'été';1;2438
e;146888;'Adj:Mas+SG';4;50
e;171869;'Adj:';4;50
e;2586627;'Gender:Mas';4;0
e;2586629;'Number:Sing';4;0
e;161699;'Ver:PPas+Mas+SG';4;50
e;212235;'Ver:';4;50
e;146885;'Nom:Mas+SG';4;50
e;171870;'Nom:';4;50
e;161702;'Ver:PPas';4;50
r;105174250;41682;146888;4;27
r;2262657;41682;171869;4;43
r;54134318;41682;2586627;4;45
r;54173469;41682;2586629;4;45
r;347593;41682;161699;4;52
r;12095755;41682;212235;4;57
r;22903;41682;146885;4;59
r;1400795;41682;171870;4;82
r;2248568;41682;161702;4;89